Results_Name,VSPAERO_Wrapper
Results_Timestamp,1788934315
Results_Date,9,9,2026
Results_Time,9,11,55
Analysis_Duration_Sec,1.789099999999999824e+01
ResultsVec,VSPAERO_History,VSPAERO_Polar,VSPAERO_Load,CpSlice_Wrapper
Results_Name,VSPAERO_History
Results_Timestamp,1788934314
Results_Date,9,9,2026
Results_Time,9,11,54
Alpha,5.000000000000000000e+00,5.000000000000000000e+00,5.000000000000000000e+00,5.000000000000000000e+00,5.000000000000000000e+00,5.000000000000000000e+00
Beta,0.000000000000000000e+00,0.000000000000000000e+00,0.000000000000000000e+00,0.000000000000000000e+00,0.000000000000000000e+00,0.000000000000000000e+00
CDi,0.000000000000000000e+00,2.307258478199999963e-02,2.321305874599999958e-02,2.322046243499999857e-02,2.321945836500000082e-02,2.321937992199999898e-02
CDiw,0.000000000000000000e+00,0.000000000000000000e+00,0.000000000000000000e+00,0.000000000000000000e+00,0.000000000000000000e+00,0.000000000000000000e+00
CDo,8.589280576000000653e-03,9.084869205000000239e-03,9.088817051000000133e-03,9.088804203999999859e-03,9.088787758000000522e-03,9.088787302000000609e-03
CDtot,8.589280576000000653e-03,3.215745398699999813e-02,3.230187579700000144e-02,3.230926664000000059e-02,3.230824612299999787e-02,3.230816722399999785e-02
CDwtot,8.589280576000000653e-03,9.084869205000000239e-03,9.088817051000000133e-03,9.088804203999999859e-03,9.088787758000000522e-03,9.088787302000000609e-03
CFxi,0.000000000000000000e+00,5.031755200000000291e-05,1.381367999999999985e-06,2.929199999999999852e-08,-1.978999999999999887e-09,-7.499999999999999950e-11
CFxiw,0.000000000000000000e+00,0.000000000000000000e+00,0.000000000000000000e+00,0.000000000000000000e+00,0.000000000000000000e+00,0.000000000000000000e+00
CFxo,8.622055551999999526e-03,9.119537119999999997e-03,9.123500047000000779e-03,9.123487151000000267e-03,9.123470641999999881e-03,9.123470184000000843e-03
CFxtot,8.622055551999999526e-03,9.169854671000000207e-03,9.124881414000000565e-03,9.123516442999999448e-03,9.123468662999999548e-03,9.123470108999999842e-03
CFxwtot,8.622055551999999526e-03,9.119537119999999997e-03,9.123500047000000779e-03,9.123487151000000267e-03,9.123470641999999881e-03,9.123470184000000843e-03
CFyi,0.000000000000000000e+00,-8.378315369999999500e-04,-2.123243208999999951e-03,-2.240602088000000040e-03,-2.249418032999999859e-03,-2.249302898000000214e-03
CFyiw,0.000000000000000000e+00,0.000000000000000000e+00,0.000000000000000000e+00,0.000000000000000000e+00,0.000000000000000000e+00,0.000000000000000000e+00
CFyo,0.000000000000000000e+00,3.700000000000000148e-11,1.310000000000000129e-10,1.310000000000000129e-10,1.310000000000000129e-10,1.310000000000000129e-10
CFytot,0.000000000000000000e+00,-8.378314999999999894e-04,-2.123243079000000037e-03,-2.240601958000000126e-03,-2.249417901999999948e-03,-2.249302766999999870e-03
CFywtot,0.000000000000000000e+00,3.700000000000000148e-11,1.310000000000000129e-10,1.310000000000000129e-10,1.310000000000000129e-10,1.310000000000000129e-10
CFzi,0.000000000000000000e+00,2.641530893829999727e-01,2.663241904990000242e-01,2.664245926039999768e-01,2.664134296199999752e-01,2.664125078249999778e-01
CFziw,0.000000000000000000e+00,0.000000000000000000e+00,0.000000000000000000e+00,0.000000000000000000e+00,0.000000000000000000e+00,0.000000000000000000e+00
CFzo,3.963969999999999992e-07,3.978769999999999833e-07,3.978679999999999996e-07,3.978670000000000249e-07,3.978670000000000249e-07,3.978670000000000249e-07
CFztot,3.963969999999999992e-07,2.641534872590000083e-01,2.663245883670000147e-01,2.664249904709999894e-01,2.664138274869999878e-01,2.664129056919999905e-01
CFzwtot,3.963969999999999992e-07,3.978769999999999833e-07,3.978679999999999996e-07,3.978670000000000249e-07,3.978670000000000249e-07,3.978670000000000249e-07
CLi,0.000000000000000000e+00,2.631435216640000130e-01,2.653106261550000067e-01,2.654107640400000245e-01,2.653996462600000106e-01,2.653987278070000233e-01
CLiw,0.000000000000000000e+00,0.000000000000000000e+00,0.000000000000000000e+00,0.000000000000000000e+00,0.000000000000000000e+00,0.000000000000000000e+00
CLo,-7.510667669999999659e-04,-7.944236689999999764e-04,-7.947690690000000155e-04,-7.947679459999999491e-04,-7.947665069999999528e-04,-7.947664670000000042e-04
CLtot,-7.510667669999999659e-04,2.623490979950000024e-01,2.645158570860000058e-01,2.646159960939999944e-01,2.646048797530000107e-01,2.646039613389999934e-01
CLwtot,-7.510667669999999659e-04,-7.944236689999999764e-04,-7.947690690000000155e-04,-7.947679459999999491e-04,-7.947665069999999528e-04,-7.947664670000000042e-04
CMxi,0.000000000000000000e+00,4.723932099999999758e-05,4.051168410000000161e-04,4.114719100000000006e-04,4.105137290000000056e-04,4.104277999999999941e-04
CMxo,0.000000000000000000e+00,-9.999999999999999799e-13,-1.999999999999999960e-12,-1.999999999999999960e-12,-1.999999999999999960e-12,-1.999999999999999960e-12
CMxtot,0.000000000000000000e+00,4.723932000000000158e-05,4.051168390000000241e-04,4.114719080000000086e-04,4.105137270000000136e-04,4.104277980000000021e-04
CMyi,0.000000000000000000e+00,-2.913656208559999850e-01,-2.969561678779999991e-01,-2.972379752300000066e-01,-2.972091870490000121e-01,-2.972067150730000051e-01
CMyo,5.827171639999999524e-04,5.789073079999999946e-04,5.792588640000000469e-04,5.792439730000000257e-04,5.792433909999999660e-04,5.792433550000000014e-04
CMytot,5.827171639999999524e-04,-2.907867135480000087e-01,-2.963769090150000229e-01,-2.966587312569999857e-01,-2.966299436579999949e-01,-2.966274717190000021e-01
CMzi,0.000000000000000000e+00,-4.437927140000000022e-04,-1.353218119999999953e-03,-1.440621217999999999e-03,-1.447224235999999917e-03,-1.447145333999999908e-03
CMzo,0.000000000000000000e+00,3.092799999999999742e-08,8.792400000000000037e-08,1.027549999999999960e-07,1.048760000000000055e-07,1.049289999999999994e-07
CMztot,0.000000000000000000e+00,-4.437617859999999853e-04,-1.353130195999999999e-03,-1.440518463000000108e-03,-1.447119359000000050e-03,-1.447040405000000031e-03
CSi,0.000000000000000000e+00,-8.378315369999999500e-04,-2.123243208999999951e-03,-2.240602088000000040e-03,-2.249418032999999859e-03,-2.249302898000000214e-03
CSiw,0.000000000000000000e+00,0.000000000000000000e+00,0.000000000000000000e+00,0.000000000000000000e+00,0.000000000000000000e+00,0.000000000000000000e+00
CSo,0.000000000000000000e+00,3.700000000000000148e-11,1.310000000000000129e-10,1.310000000000000129e-10,1.310000000000000129e-10,1.310000000000000129e-10
CStot,0.000000000000000000e+00,-8.378314999999999894e-04,-2.123243079000000037e-03,-2.240601958000000126e-03,-2.249417901999999948e-03,-2.249302766999999870e-03
CSwtot,0.000000000000000000e+00,3.700000000000000148e-11,1.310000000000000129e-10,1.310000000000000129e-10,1.310000000000000129e-10,1.310000000000000129e-10
E,0.000000000000000000e+00,2.817123016529999857e-01,2.846384828860000216e-01,2.847625656769999791e-01,2.847510222119999934e-01,2.847500133490000196e-01
Ew,0.000000000000000000e+00,0.000000000000000000e+00,0.000000000000000000e+00,0.000000000000000000e+00,0.000000000000000000e+00,0.000000000000000000e+00
FC_AoA_,5.000000000000000000e+00
FC_Beta_,0.000000000000000000e+00
FC_Bref_,3.727034100000000194e+01
FC_Cref_,1.236139999999999972e+01
FC_Mach_,1.199999999999999956e+00
FC_Pitch_Rate,0.000000000000000000e+00
FC_ReCref_,1.000000000000000000e+07
FC_Rho_,2.377000000000000206e-03
FC_Roll__Rate,0.000000000000000000e+00
FC_Sref_,4.096313739999999939e+02
FC_Vinf_,1.000000000000000000e+02
FC_Xcg_,2.046778000000000119e+01
FC_Yaw___Rate,0.000000000000000000e+00
FC_Ycg_,0.000000000000000000e+00
FC_Zcg_,0.000000000000000000e+00
L/D,0.000000000000000000e+00,8.182971256612999511e+00,8.213474283167000678e+00,8.214694780876000024e+00,8.214610141622999961e+00,8.214601774349999275e+00
L/Dw,0.000000000000000000e+00,0.000000000000000000e+00,0.000000000000000000e+00,0.000000000000000000e+00,0.000000000000000000e+00,0.000000000000000000e+00
Mach,1.199999999999999956e+00,1.199999999999999956e+00,1.199999999999999956e+00,1.199999999999999956e+00,1.199999999999999956e+00,1.199999999999999956e+00
T/QS,0.000000000000000000e+00,0.000000000000000000e+00,0.000000000000000000e+00,0.000000000000000000e+00,0.000000000000000000e+00,0.000000000000000000e+00
WakeIter,1,2,3,4,5,6
WallTime,1.764000000003000057e+00,4.044000000001999773e+00,6.207000000002000029e+00,8.260999999998999144e+00,1.031500000000199968e+01,1.234099999999999930e+01
log10( L2Residual ),5.164837968550000102e-01,-5.879483010720000236e-01,-1.526908778382999987e+00,-2.761342924303999968e+00,-3.788005988030000104e+00,-4.733007829990000026e+00
log10( MaxResidual ),9.397004146259999580e-01,8.853924732989999491e-01,6.000529770500000193e-02,-1.320334384861000077e+00,-2.330605141082000120e+00,-3.048735110652000202e+00
Results_Name,VSPAERO_Polar
Results_Timestamp,1788934314
Results_Date,9,9,2026
Results_Time,9,11,54
Alpha,5.000000000000000000e+00
Beta,0.000000000000000000e+00
CDi,2.321937992199999898e-02
CDiw,0.000000000000000000e+00
CDo,9.088787302000000609e-03
CDtot,3.230816722399999785e-02
CDwtot,9.088787302000000609e-03
CFix,-7.499999999999999950e-11
CFiy,-2.249302898000000214e-03
CFiz,2.664125078249999778e-01
CFox,9.123470184000000843e-03
CFoy,1.310000000000000129e-10
CFoz,3.978670000000000249e-07
CFxtot,9.123470108999999842e-03
CFytot,-2.249302766999999870e-03
CFztot,2.664129056919999905e-01
CLi,2.653987278070000233e-01
CLiw,0.000000000000000000e+00
CLo,-7.947664670000000042e-04
CLtot,2.646039613389999934e-01
CLwtot,-7.947664670000000042e-04
CMix,4.104277999999999941e-04
CMiy,-2.972067150730000051e-01
CMiz,-1.447145333999999908e-03
CMox,-1.999999999999999960e-12
CMoy,5.792433550000000014e-04
CMoz,1.049289999999999994e-07
CMxtot,4.104277980000000021e-04
CMytot,-2.966274717190000021e-01
CMztot,-1.447040405000000031e-03
CSi,-2.249302898000000214e-03
CSiw,0.000000000000000000e+00
CSo,1.310000000000000129e-10
CStot,-2.249302766999999870e-03
CSwtot,1.310000000000000129e-10
E,2.830471347490000067e-01
Ew,2.830471347490000067e-01
L_D,8.190002221494999901e+00
L_Dw,8.190002221494999901e+00
Mach,1.199999999999999956e+00
Re_1e6,1.000000000000000000e+01
StallFactor,1.000000000000000000e+00
Results_Name,VSPAERO_Load
Results_Timestamp,1788934314
Results_Date,9,9,2026
Results_Time,9,11,54
Angle ,0.000000000000000000e+00,0.000000000000000000e+00,0.000000000000000000e+00,0.000000000000000000e+00,0.000000000000000000e+00,0.000000000000000000e+00,0.000000000000000000e+00,0.000000000000000000e+00,0.000000000000000000e+00,0.000000000000000000e+00,0.000000000000000000e+00,0.000000000000000000e+00,0.000000000000000000e+00,0.000000000000000000e+00,0.000000000000000000e+00,0.000000000000000000e+00,0.000000000000000000e+00,0.000000000000000000e+00,0.000000000000000000e+00,0.000000000000000000e+00,0.000000000000000000e+00,0.000000000000000000e+00,0.000000000000000000e+00,0.000000000000000000e+00,0.000000000000000000e+00,0.000000000000000000e+00,0.000000000000000000e+00,0.000000000000000000e+00,0.000000000000000000e+00,0.000000000000000000e+00,0.000000000000000000e+00,0.000000000000000000e+00,0.000000000000000000e+00,0.000000000000000000e+00,0.000000000000000000e+00,0.000000000000000000e+00,0.000000000000000000e+00,0.000000000000000000e+00,0.000000000000000000e+00,0.000000000000000000e+00,0.000000000000000000e+00,0.000000000000000000e+00,0.000000000000000000e+00,0.000000000000000000e+00,0.000000000000000000e+00,0.000000000000000000e+00,0.000000000000000000e+00,0.000000000000000000e+00,0.000000000000000000e+00,0.000000000000000000e+00,0.000000000000000000e+00,0.000000000000000000e+00,0.000000000000000000e+00,0.000000000000000000e+00,0.000000000000000000e+00,0.000000000000000000e+00,0.000000000000000000e+00,0.000000000000000000e+00,0.000000000000000000e+00,0.000000000000000000e+00,0.000000000000000000e+00,0.000000000000000000e+00,0.000000000000000000e+00,0.000000000000000000e+00,0.000000000000000000e+00,0.000000000000000000e+00,0.000000000000000000e+00,0.000000000000000000e+00,0.000000000000000000e+00,0.000000000000000000e+00,0.000000000000000000e+00,0.000000000000000000e+00,0.000000000000000000e+00,0.000000000000000000e+00,0.000000000000000000e+00,0.000000000000000000e+00,0.000000000000000000e+00,0.000000000000000000e+00,0.000000000000000000e+00,0.000000000000000000e+00,0.000000000000000000e+00,0.000000000000000000e+00,0.000000000000000000e+00,0.000000000000000000e+00,0.000000000000000000e+00,0.000000000000000000e+00,0.000000000000000000e+00,0.000000000000000000e+00,0.000000000000000000e+00,0.000000000000000000e+00,0.000000000000000000e+00,0.000000000000000000e+00
CP,0.000000000000000000e+00,0.000000000000000000e+00,0.000000000000000000e+00,0.000000000000000000e+00,0.000000000000000000e+00,0.000000000000000000e+00,0.000000000000000000e+00,0.000000000000000000e+00,0.000000000000000000e+00,0.000000000000000000e+00,0.000000000000000000e+00,0.000000000000000000e+00,0.000000000000000000e+00,0.000000000000000000e+00,0.000000000000000000e+00,0.000000000000000000e+00,0.000000000000000000e+00,0.000000000000000000e+00,0.000000000000000000e+00,0.000000000000000000e+00,0.000000000000000000e+00,0.000000000000000000e+00,0.000000000000000000e+00,0.000000000000000000e+00,0.000000000000000000e+00,0.000000000000000000e+00,0.000000000000000000e+00,0.000000000000000000e+00,0.000000000000000000e+00,0.000000000000000000e+00,0.000000000000000000e+00,0.000000000000000000e+00,0.000000000000000000e+00,0.000000000000000000e+00,0.000000000000000000e+00,0.000000000000000000e+00,0.000000000000000000e+00,0.000000000000000000e+00,0.000000000000000000e+00,0.000000000000000000e+00,0.000000000000000000e+00,0.000000000000000000e+00,0.000000000000000000e+00,0.000000000000000000e+00,0.000000000000000000e+00,0.000000000000000000e+00,0.000000000000000000e+00,0.000000000000000000e+00,0.000000000000000000e+00,0.000000000000000000e+00,0.000000000000000000e+00,0.000000000000000000e+00,0.000000000000000000e+00,0.000000000000000000e+00,0.000000000000000000e+00,0.000000000000000000e+00,0.000000000000000000e+00,0.000000000000000000e+00,0.000000000000000000e+00,0.000000000000000000e+00,0.000000000000000000e+00,0.000000000000000000e+00,0.000000000000000000e+00,0.000000000000000000e+00,0.000000000000000000e+00,0.000000000000000000e+00,0.000000000000000000e+00,0.000000000000000000e+00,0.000000000000000000e+00,0.000000000000000000e+00,0.000000000000000000e+00,0.000000000000000000e+00,0.000000000000000000e+00,0.000000000000000000e+00,0.000000000000000000e+00,0.000000000000000000e+00,0.000000000000000000e+00,0.000000000000000000e+00,0.000000000000000000e+00,0.000000000000000000e+00,0.000000000000000000e+00,0.000000000000000000e+00,0.000000000000000000e+00,0.000000000000000000e+00,0.000000000000000000e+00,0.000000000000000000e+00,0.000000000000000000e+00,0.000000000000000000e+00,0.000000000000000000e+00,0.000000000000000000e+00,0.000000000000000000e+00,0.000000000000000000e+00
CP_h,0.000000000000000000e+00,0.000000000000000000e+00,0.000000000000000000e+00,0.000000000000000000e+00,0.000000000000000000e+00,0.000000000000000000e+00,0.000000000000000000e+00,0.000000000000000000e+00,0.000000000000000000e+00,0.000000000000000000e+00,0.000000000000000000e+00,0.000000000000000000e+00,0.000000000000000000e+00,0.000000000000000000e+00,0.000000000000000000e+00,0.000000000000000000e+00,0.000000000000000000e+00,0.000000000000000000e+00,0.000000000000000000e+00,0.000000000000000000e+00,0.000000000000000000e+00,0.000000000000000000e+00,0.000000000000000000e+00,0.000000000000000000e+00,0.000000000000000000e+00,0.000000000000000000e+00,0.000000000000000000e+00,0.000000000000000000e+00,0.000000000000000000e+00,0.000000000000000000e+00,0.000000000000000000e+00,0.000000000000000000e+00,0.000000000000000000e+00,0.000000000000000000e+00,0.000000000000000000e+00,0.000000000000000000e+00,0.000000000000000000e+00,0.000000000000000000e+00,0.000000000000000000e+00,0.000000000000000000e+00,0.000000000000000000e+00,0.000000000000000000e+00,0.000000000000000000e+00,0.000000000000000000e+00,0.000000000000000000e+00,0.000000000000000000e+00,0.000000000000000000e+00,0.000000000000000000e+00,0.000000000000000000e+00,0.000000000000000000e+00,0.000000000000000000e+00,0.000000000000000000e+00,0.000000000000000000e+00,0.000000000000000000e+00,0.000000000000000000e+00,0.000000000000000000e+00,0.000000000000000000e+00,0.000000000000000000e+00,0.000000000000000000e+00,0.000000000000000000e+00,0.000000000000000000e+00,0.000000000000000000e+00,0.000000000000000000e+00,0.000000000000000000e+00,0.000000000000000000e+00,0.000000000000000000e+00,0.000000000000000000e+00,0.000000000000000000e+00,0.000000000000000000e+00,0.000000000000000000e+00,0.000000000000000000e+00,0.000000000000000000e+00,0.000000000000000000e+00,0.000000000000000000e+00,0.000000000000000000e+00,0.000000000000000000e+00,0.000000000000000000e+00,0.000000000000000000e+00,0.000000000000000000e+00,0.000000000000000000e+00,0.000000000000000000e+00,0.000000000000000000e+00,0.000000000000000000e+00,0.000000000000000000e+00,0.000000000000000000e+00,0.000000000000000000e+00,0.000000000000000000e+00,0.000000000000000000e+00,0.000000000000000000e+00,0.000000000000000000e+00,0.000000000000000000e+00,0.000000000000000000e+00
CQ,0.000000000000000000e+00,0.000000000000000000e+00,0.000000000000000000e+00,0.000000000000000000e+00,0.000000000000000000e+00,0.000000000000000000e+00,0.000000000000000000e+00,0.000000000000000000e+00,0.000000000000000000e+00,0.000000000000000000e+00,0.000000000000000000e+00,0.000000000000000000e+00,0.000000000000000000e+00,0.000000000000000000e+00,0.000000000000000000e+00,0.000000000000000000e+00,0.000000000000000000e+00,0.000000000000000000e+00,0.000000000000000000e+00,0.000000000000000000e+00,0.000000000000000000e+00,0.000000000000000000e+00,0.000000000000000000e+00,0.000000000000000000e+00,0.000000000000000000e+00,0.000000000000000000e+00,0.000000000000000000e+00,0.000000000000000000e+00,0.000000000000000000e+00,0.000000000000000000e+00,0.000000000000000000e+00,0.000000000000000000e+00,0.000000000000000000e+00,0.000000000000000000e+00,0.000000000000000000e+00,0.000000000000000000e+00,0.000000000000000000e+00,0.000000000000000000e+00,0.000000000000000000e+00,0.000000000000000000e+00,0.000000000000000000e+00,0.000000000000000000e+00,0.000000000000000000e+00,0.000000000000000000e+00,0.000000000000000000e+00,0.000000000000000000e+00,0.000000000000000000e+00,0.000000000000000000e+00,0.000000000000000000e+00,0.000000000000000000e+00,0.000000000000000000e+00,0.000000000000000000e+00,0.000000000000000000e+00,0.000000000000000000e+00,0.000000000000000000e+00,0.000000000000000000e+00,0.000000000000000000e+00,0.000000000000000000e+00,0.000000000000000000e+00,0.000000000000000000e+00,0.000000000000000000e+00,0.000000000000000000e+00,0.000000000000000000e+00,0.000000000000000000e+00,0.000000000000000000e+00,0.000000000000000000e+00,0.000000000000000000e+00,0.000000000000000000e+00,0.000000000000000000e+00,0.000000000000000000e+00,0.000000000000000000e+00,0.000000000000000000e+00,0.000000000000000000e+00,0.000000000000000000e+00,0.000000000000000000e+00,0.000000000000000000e+00,0.000000000000000000e+00,0.000000000000000000e+00,0.000000000000000000e+00,0.000000000000000000e+00,0.000000000000000000e+00,0.000000000000000000e+00,0.000000000000000000e+00,0.000000000000000000e+00,0.000000000000000000e+00,0.000000000000000000e+00,0.000000000000000000e+00,0.000000000000000000e+00,0.000000000000000000e+00,0.000000000000000000e+00,0.000000000000000000e+00,0.000000000000000000e+00
CQ_h,0.000000000000000000e+00,0.000000000000000000e+00,0.000000000000000000e+00,0.000000000000000000e+00,0.000000000000000000e+00,0.000000000000000000e+00,0.000000000000000000e+00,0.000000000000000000e+00,0.000000000000000000e+00,0.000000000000000000e+00,0.000000000000000000e+00,0.000000000000000000e+00,0.000000000000000000e+00,0.000000000000000000e+00,0.000000000000000000e+00,0.000000000000000000e+00,0.000000000000000000e+00,0.000000000000000000e+00,0.000000000000000000e+00,0.000000000000000000e+00,0.000000000000000000e+00,0.000000000000000000e+00,0.000000000000000000e+00,0.000000000000000000e+00,0.000000000000000000e+00,0.000000000000000000e+00,0.000000000000000000e+00,0.000000000000000000e+00,0.000000000000000000e+00,0.000000000000000000e+00,0.000000000000000000e+00,0.000000000000000000e+00,0.000000000000000000e+00,0.000000000000000000e+00,0.000000000000000000e+00,0.000000000000000000e+00,0.000000000000000000e+00,0.000000000000000000e+00,0.000000000000000000e+00,0.000000000000000000e+00,0.000000000000000000e+00,0.000000000000000000e+00,0.000000000000000000e+00,0.000000000000000000e+00,0.000000000000000000e+00,0.000000000000000000e+00,0.000000000000000000e+00,0.000000000000000000e+00,0.000000000000000000e+00,0.000000000000000000e+00,0.000000000000000000e+00,0.000000000000000000e+00,0.000000000000000000e+00,0.000000000000000000e+00,0.000000000000000000e+00,0.000000000000000000e+00,0.000000000000000000e+00,0.000000000000000000e+00,0.000000000000000000e+00,0.000000000000000000e+00,0.000000000000000000e+00,0.000000000000000000e+00,0.000000000000000000e+00,0.000000000000000000e+00,0.000000000000000000e+00,0.000000000000000000e+00,0.000000000000000000e+00,0.000000000000000000e+00,0.000000000000000000e+00,0.000000000000000000e+00,0.000000000000000000e+00,0.000000000000000000e+00,0.000000000000000000e+00,0.000000000000000000e+00,0.000000000000000000e+00,0.000000000000000000e+00,0.000000000000000000e+00,0.000000000000000000e+00,0.000000000000000000e+00,0.000000000000000000e+00,0.000000000000000000e+00,0.000000000000000000e+00,0.000000000000000000e+00,0.000000000000000000e+00,0.000000000000000000e+00,0.000000000000000000e+00,0.000000000000000000e+00,0.000000000000000000e+00,0.000000000000000000e+00,0.000000000000000000e+00,0.000000000000000000e+00,0.000000000000000000e+00
CT,0.000000000000000000e+00,0.000000000000000000e+00,0.000000000000000000e+00,0.000000000000000000e+00,0.000000000000000000e+00,0.000000000000000000e+00,0.000000000000000000e+00,0.000000000000000000e+00,0.000000000000000000e+00,0.000000000000000000e+00,0.000000000000000000e+00,0.000000000000000000e+00,0.000000000000000000e+00,0.000000000000000000e+00,0.000000000000000000e+00,0.000000000000000000e+00,0.000000000000000000e+00,0.000000000000000000e+00,0.000000000000000000e+00,0.000000000000000000e+00,0.000000000000000000e+00,0.000000000000000000e+00,0.000000000000000000e+00,0.000000000000000000e+00,0.000000000000000000e+00,0.000000000000000000e+00,0.000000000000000000e+00,0.000000000000000000e+00,0.000000000000000000e+00,0.000000000000000000e+00,0.000000000000000000e+00,0.000000000000000000e+00,0.000000000000000000e+00,0.000000000000000000e+00,0.000000000000000000e+00,0.000000000000000000e+00,0.000000000000000000e+00,0.000000000000000000e+00,0.000000000000000000e+00,0.000000000000000000e+00,0.000000000000000000e+00,0.000000000000000000e+00,0.000000000000000000e+00,0.000000000000000000e+00,0.000000000000000000e+00,0.000000000000000000e+00,0.000000000000000000e+00,0.000000000000000000e+00,0.000000000000000000e+00,0.000000000000000000e+00,0.000000000000000000e+00,0.000000000000000000e+00,0.000000000000000000e+00,0.000000000000000000e+00,0.000000000000000000e+00,0.000000000000000000e+00,0.000000000000000000e+00,0.000000000000000000e+00,0.000000000000000000e+00,0.000000000000000000e+00,0.000000000000000000e+00,0.000000000000000000e+00,0.000000000000000000e+00,0.000000000000000000e+00,0.000000000000000000e+00,0.000000000000000000e+00,0.000000000000000000e+00,0.000000000000000000e+00,0.000000000000000000e+00,0.000000000000000000e+00,0.000000000000000000e+00,0.000000000000000000e+00,0.000000000000000000e+00,0.000000000000000000e+00,0.000000000000000000e+00,0.000000000000000000e+00,0.000000000000000000e+00,0.000000000000000000e+00,0.000000000000000000e+00,0.000000000000000000e+00,0.000000000000000000e+00,0.000000000000000000e+00,0.000000000000000000e+00,0.000000000000000000e+00,0.000000000000000000e+00,0.000000000000000000e+00,0.000000000000000000e+00,0.000000000000000000e+00,0.000000000000000000e+00,0.000000000000000000e+00,0.000000000000000000e+00,0.000000000000000000e+00
CT_h,0.000000000000000000e+00,0.000000000000000000e+00,0.000000000000000000e+00,0.000000000000000000e+00,0.000000000000000000e+00,0.000000000000000000e+00,0.000000000000000000e+00,0.000000000000000000e+00,0.000000000000000000e+00,0.000000000000000000e+00,0.000000000000000000e+00,0.000000000000000000e+00,0.000000000000000000e+00,0.000000000000000000e+00,0.000000000000000000e+00,0.000000000000000000e+00,0.000000000000000000e+00,0.000000000000000000e+00,0.000000000000000000e+00,0.000000000000000000e+00,0.000000000000000000e+00,0.000000000000000000e+00,0.000000000000000000e+00,0.000000000000000000e+00,0.000000000000000000e+00,0.000000000000000000e+00,0.000000000000000000e+00,0.000000000000000000e+00,0.000000000000000000e+00,0.000000000000000000e+00,0.000000000000000000e+00,0.000000000000000000e+00,0.000000000000000000e+00,0.000000000000000000e+00,0.000000000000000000e+00,0.000000000000000000e+00,0.000000000000000000e+00,0.000000000000000000e+00,0.000000000000000000e+00,0.000000000000000000e+00,0.000000000000000000e+00,0.000000000000000000e+00,0.000000000000000000e+00,0.000000000000000000e+00,0.000000000000000000e+00,0.000000000000000000e+00,0.000000000000000000e+00,0.000000000000000000e+00,0.000000000000000000e+00,0.000000000000000000e+00,0.000000000000000000e+00,0.000000000000000000e+00,0.000000000000000000e+00,0.000000000000000000e+00,0.000000000000000000e+00,0.000000000000000000e+00,0.000000000000000000e+00,0.000000000000000000e+00,0.000000000000000000e+00,0.000000000000000000e+00,0.000000000000000000e+00,0.000000000000000000e+00,0.000000000000000000e+00,0.000000000000000000e+00,0.000000000000000000e+00,0.000000000000000000e+00,0.000000000000000000e+00,0.000000000000000000e+00,0.000000000000000000e+00,0.000000000000000000e+00,0.000000000000000000e+00,0.000000000000000000e+00,0.000000000000000000e+00,0.000000000000000000e+00,0.000000000000000000e+00,0.000000000000000000e+00,0.000000000000000000e+00,0.000000000000000000e+00,0.000000000000000000e+00,0.000000000000000000e+00,0.000000000000000000e+00,0.000000000000000000e+00,0.000000000000000000e+00,0.000000000000000000e+00,0.000000000000000000e+00,0.000000000000000000e+00,0.000000000000000000e+00,0.000000000000000000e+00,0.000000000000000000e+00,0.000000000000000000e+00,0.000000000000000000e+00,0.000000000000000000e+00
Chord,2.949975999999999843e+01,2.769772000000000034e+01,2.589566999999999908e+01,2.409362000000000137e+01,2.229157999999999973e+01,2.048952999999999847e+01,1.868749000000000038e+01,1.688543999999999912e+01,1.508423999999999943e+01,9.303879999999999484e+00,1.368985999999999947e+01,1.270485000000000042e+01,1.171986000000000061e+01,1.073489000000000004e+01,9.749940000000000495e+00,8.764989999999999171e+00,7.780050000000000132e+00,6.795099999999999696e+00,5.810150000000000148e+00,2.949975999999999843e+01,2.769772000000000034e+01,2.589566999999999908e+01,2.409362000000000137e+01,2.229157999999999973e+01,2.048952999999999847e+01,1.868749000000000038e+01,1.688543999999999912e+01,1.508423999999999943e+01,9.303879999999999484e+00,1.368985999999999947e+01,1.270485000000000042e+01,1.171986000000000061e+01,1.073489000000000004e+01,9.749940000000000495e+00,8.764989999999999171e+00,7.780050000000000132e+00,6.795099999999999696e+00,5.810150000000000148e+00,7.916559999999999597e+00,7.441189999999999749e+00,6.965819999999999901e+00,6.490459999999999674e+00,6.015089999999999826e+00,5.539719999999999978e+00,5.064359999999999751e+00,4.588989999999999903e+00,4.113620000000000054e+00,7.916559999999999597e+00,7.441189999999999749e+00,6.965819999999999901e+00,6.490459999999999674e+00,6.015089999999999826e+00,5.539719999999999978e+00,5.064359999999999751e+00,4.588989999999999903e+00,4.113620000000000054e+00,1.722101999999999933e+01,1.616425999999999874e+01,1.528688000000000002e+01,1.440950999999999915e+01,1.353214000000000006e+01,1.265475999999999956e+01,1.177739000000000047e+01,1.090001999999999960e+01,1.002264000000000088e+01,9.172719999999999985e+00,8.350260000000000460e+00,7.527790000000000425e+00,6.705330000000000013e+00,5.882859999999999978e+00,5.060389999999999944e+00,4.237930000000000419e+00,3.415459999999999940e+00,2.592989999999999906e+00,1.722101999999999933e+01,1.616425999999999874e+01,1.528688000000000002e+01,1.440950999999999915e+01,1.353214000000000006e+01,1.265475999999999956e+01,1.177739000000000047e+01,1.090001999999999960e+01,1.002264000000000088e+01,9.172719999999999985e+00,8.350260000000000460e+00,7.527790000000000425e+00,6.705330000000000013e+00,5.882859999999999978e+00,5.060389999999999944e+00,4.237930000000000419e+00,3.415459999999999940e+00,2.592989999999999906e+00
Diameter,0.000000000000000000e+00,0.000000000000000000e+00,0.000000000000000000e+00,0.000000000000000000e+00,0.000000000000000000e+00,0.000000000000000000e+00,0.000000000000000000e+00,0.000000000000000000e+00,0.000000000000000000e+00,0.000000000000000000e+00,0.000000000000000000e+00,0.000000000000000000e+00,0.000000000000000000e+00,0.000000000000000000e+00,0.000000000000000000e+00,0.000000000000000000e+00,0.000000000000000000e+00,0.000000000000000000e+00,0.000000000000000000e+00,0.000000000000000000e+00,0.000000000000000000e+00,0.000000000000000000e+00,0.000000000000000000e+00,0.000000000000000000e+00,0.000000000000000000e+00,0.000000000000000000e+00,0.000000000000000000e+00,0.000000000000000000e+00,0.000000000000000000e+00,0.000000000000000000e+00,0.000000000000000000e+00,0.000000000000000000e+00,0.000000000000000000e+00,0.000000000000000000e+00,0.000000000000000000e+00,0.000000000000000000e+00,0.000000000000000000e+00,0.000000000000000000e+00,0.000000000000000000e+00,0.000000000000000000e+00,0.000000000000000000e+00,0.000000000000000000e+00,0.000000000000000000e+00,0.000000000000000000e+00,0.000000000000000000e+00,0.000000000000000000e+00,0.000000000000000000e+00,0.000000000000000000e+00,0.000000000000000000e+00,0.000000000000000000e+00,0.000000000000000000e+00,0.000000000000000000e+00,0.000000000000000000e+00,0.000000000000000000e+00,0.000000000000000000e+00,0.000000000000000000e+00,0.000000000000000000e+00,0.000000000000000000e+00,0.000000000000000000e+00,0.000000000000000000e+00,0.000000000000000000e+00,0.000000000000000000e+00,0.000000000000000000e+00,0.000000000000000000e+00,0.000000000000000000e+00,0.000000000000000000e+00,0.000000000000000000e+00,0.000000000000000000e+00,0.000000000000000000e+00,0.000000000000000000e+00,0.000000000000000000e+00,0.000000000000000000e+00,0.000000000000000000e+00,0.000000000000000000e+00,0.000000000000000000e+00,0.000000000000000000e+00,0.000000000000000000e+00,0.000000000000000000e+00,0.000000000000000000e+00,0.000000000000000000e+00,0.000000000000000000e+00,0.000000000000000000e+00,0.000000000000000000e+00,0.000000000000000000e+00,0.000000000000000000e+00,0.000000000000000000e+00,0.000000000000000000e+00,0.000000000000000000e+00,0.000000000000000000e+00,0.000000000000000000e+00,0.000000000000000000e+00,0.000000000000000000e+00
ETAP,0.000000000000000000e+00,0.000000000000000000e+00,0.000000000000000000e+00,0.000000000000000000e+00,0.000000000000000000e+00,0.000000000000000000e+00,0.000000000000000000e+00,0.000000000000000000e+00,0.000000000000000000e+00,0.000000000000000000e+00,0.000000000000000000e+00,0.000000000000000000e+00,0.000000000000000000e+00,0.000000000000000000e+00,0.000000000000000000e+00,0.000000000000000000e+00,0.000000000000000000e+00,0.000000000000000000e+00,0.000000000000000000e+00,0.000000000000000000e+00,0.000000000000000000e+00,0.000000000000000000e+00,0.000000000000000000e+00,0.000000000000000000e+00,0.000000000000000000e+00,0.000000000000000000e+00,0.000000000000000000e+00,0.000000000000000000e+00,0.000000000000000000e+00,0.000000000000000000e+00,0.000000000000000000e+00,0.000000000000000000e+00,0.000000000000000000e+00,0.000000000000000000e+00,0.000000000000000000e+00,0.000000000000000000e+00,0.000000000000000000e+00,0.000000000000000000e+00,0.000000000000000000e+00,0.000000000000000000e+00,0.000000000000000000e+00,0.000000000000000000e+00,0.000000000000000000e+00,0.000000000000000000e+00,0.000000000000000000e+00,0.000000000000000000e+00,0.000000000000000000e+00,0.000000000000000000e+00,0.000000000000000000e+00,0.000000000000000000e+00,0.000000000000000000e+00,0.000000000000000000e+00,0.000000000000000000e+00,0.000000000000000000e+00,0.000000000000000000e+00,0.000000000000000000e+00,0.000000000000000000e+00,0.000000000000000000e+00,0.000000000000000000e+00,0.000000000000000000e+00,0.000000000000000000e+00,0.000000000000000000e+00,0.000000000000000000e+00,0.000000000000000000e+00,0.000000000000000000e+00,0.000000000000000000e+00,0.000000000000000000e+00,0.000000000000000000e+00,0.000000000000000000e+00,0.000000000000000000e+00,0.000000000000000000e+00,0.000000000000000000e+00,0.000000000000000000e+00,0.000000000000000000e+00,0.000000000000000000e+00,0.000000000000000000e+00,0.000000000000000000e+00,0.000000000000000000e+00,0.000000000000000000e+00,0.000000000000000000e+00,0.000000000000000000e+00,0.000000000000000000e+00,0.000000000000000000e+00,0.000000000000000000e+00,0.000000000000000000e+00,0.000000000000000000e+00,0.000000000000000000e+00,0.000000000000000000e+00,0.000000000000000000e+00,0.000000000000000000e+00,0.000000000000000000e+00,0.000000000000000000e+00
FC_AoA_,5.000000000000000000e+00
FC_Beta_,0.000000000000000000e+00
FC_Bref_,3.727034100000000194e+01
FC_Cref_,1.236139999999999972e+01
FC_Mach_,1.199999999999999956e+00
FC_Pitch_Rate,0.000000000000000000e+00
FC_Rho_,2.377000000000000206e-03
FC_Roll__Rate,0.000000000000000000e+00
FC_Sref_,4.096313739999999939e+02
FC_Vinf_,1.000000000000000000e+02
FC_Xcg_,2.046778000000000119e+01
FC_Yaw___Rate,0.000000000000000000e+00
FC_Ycg_,0.000000000000000000e+00
FC_Zcg_,0.000000000000000000e+00
FOM,0.000000000000000000e+00,0.000000000000000000e+00,0.000000000000000000e+00,0.000000000000000000e+00,0.000000000000000000e+00,0.000000000000000000e+00,0.000000000000000000e+00,0.000000000000000000e+00,0.000000000000000000e+00,0.000000000000000000e+00,0.000000000000000000e+00,0.000000000000000000e+00,0.000000000000000000e+00,0.000000000000000000e+00,0.000000000000000000e+00,0.000000000000000000e+00,0.000000000000000000e+00,0.000000000000000000e+00,0.000000000000000000e+00,0.000000000000000000e+00,0.000000000000000000e+00,0.000000000000000000e+00,0.000000000000000000e+00,0.000000000000000000e+00,0.000000000000000000e+00,0.000000000000000000e+00,0.000000000000000000e+00,0.000000000000000000e+00,0.000000000000000000e+00,0.000000000000000000e+00,0.000000000000000000e+00,0.000000000000000000e+00,0.000000000000000000e+00,0.000000000000000000e+00,0.000000000000000000e+00,0.000000000000000000e+00,0.000000000000000000e+00,0.000000000000000000e+00,0.000000000000000000e+00,0.000000000000000000e+00,0.000000000000000000e+00,0.000000000000000000e+00,0.000000000000000000e+00,0.000000000000000000e+00,0.000000000000000000e+00,0.000000000000000000e+00,0.000000000000000000e+00,0.000000000000000000e+00,0.000000000000000000e+00,0.000000000000000000e+00,0.000000000000000000e+00,0.000000000000000000e+00,0.000000000000000000e+00,0.000000000000000000e+00,0.000000000000000000e+00,0.000000000000000000e+00,0.000000000000000000e+00,0.000000000000000000e+00,0.000000000000000000e+00,0.000000000000000000e+00,0.000000000000000000e+00,0.000000000000000000e+00,0.000000000000000000e+00,0.000000000000000000e+00,0.000000000000000000e+00,0.000000000000000000e+00,0.000000000000000000e+00,0.000000000000000000e+00,0.000000000000000000e+00,0.000000000000000000e+00,0.000000000000000000e+00,0.000000000000000000e+00,0.000000000000000000e+00,0.000000000000000000e+00,0.000000000000000000e+00,0.000000000000000000e+00,0.000000000000000000e+00,0.000000000000000000e+00,0.000000000000000000e+00,0.000000000000000000e+00,0.000000000000000000e+00,0.000000000000000000e+00,0.000000000000000000e+00,0.000000000000000000e+00,0.000000000000000000e+00,0.000000000000000000e+00,0.000000000000000000e+00,0.000000000000000000e+00,0.000000000000000000e+00,0.000000000000000000e+00,0.000000000000000000e+00,0.000000000000000000e+00
IsARotor,0,0,0,0,0,0,0,0,0,0,0,0,0,0,0,0,0,0,0,0,0,0,0,0,0,0,0,0,0,0,0,0,0,0,0,0,0,0,0,0,0,0,0,0,0,0,0,0,0,0,0,0,0,0,0,0,0,0,0,0,0,0,0,0,0,0,0,0,0,0,0,0,0,0,0,0,0,0,0,0,0,0,0,0,0,0,0,0,0,0,0,0
Iter,6,6,6,6,6,6,6,6,6,6,6,6,6,6,6,6,6,6,6,6,6,6,6,6,6,6,6,6,6,6,6,6,6,6,6,6,6,6,6,6,6,6,6,6,6,6,6,6,6,6,6,6,6,6,6,6,6,6,6,6,6,6,6,6,6,6,6,6,6,6,6,6,6,6,6,6,6,6,6,6,6,6,6,6,6,6,6,6,6,6,6,6
J,0.000000000000000000e+00,0.000000000000000000e+00,0.000000000000000000e+00,0.000000000000000000e+00,0.000000000000000000e+00,0.000000000000000000e+00,0.000000000000000000e+00,0.000000000000000000e+00,0.000000000000000000e+00,0.000000000000000000e+00,0.000000000000000000e+00,0.000000000000000000e+00,0.000000000000000000e+00,0.000000000000000000e+00,0.000000000000000000e+00,0.000000000000000000e+00,0.000000000000000000e+00,0.000000000000000000e+00,0.000000000000000000e+00,0.000000000000000000e+00,0.000000000000000000e+00,0.000000000000000000e+00,0.000000000000000000e+00,0.000000000000000000e+00,0.000000000000000000e+00,0.000000000000000000e+00,0.000000000000000000e+00,0.000000000000000000e+00,0.000000000000000000e+00,0.000000000000000000e+00,0.000000000000000000e+00,0.000000000000000000e+00,0.000000000000000000e+00,0.000000000000000000e+00,0.000000000000000000e+00,0.000000000000000000e+00,0.000000000000000000e+00,0.000000000000000000e+00,0.000000000000000000e+00,0.000000000000000000e+00,0.000000000000000000e+00,0.000000000000000000e+00,0.000000000000000000e+00,0.000000000000000000e+00,0.000000000000000000e+00,0.000000000000000000e+00,0.000000000000000000e+00,0.000000000000000000e+00,0.000000000000000000e+00,0.000000000000000000e+00,0.000000000000000000e+00,0.000000000000000000e+00,0.000000000000000000e+00,0.000000000000000000e+00,0.000000000000000000e+00,0.000000000000000000e+00,0.000000000000000000e+00,0.000000000000000000e+00,0.000000000000000000e+00,0.000000000000000000e+00,0.000000000000000000e+00,0.000000000000000000e+00,0.000000000000000000e+00,0.000000000000000000e+00,0.000000000000000000e+00,0.000000000000000000e+00,0.000000000000000000e+00,0.000000000000000000e+00,0.000000000000000000e+00,0.000000000000000000e+00,0.000000000000000000e+00,0.000000000000000000e+00,0.000000000000000000e+00,0.000000000000000000e+00,0.000000000000000000e+00,0.000000000000000000e+00,0.000000000000000000e+00,0.000000000000000000e+00,0.000000000000000000e+00,0.000000000000000000e+00,0.000000000000000000e+00,0.000000000000000000e+00,0.000000000000000000e+00,0.000000000000000000e+00,0.000000000000000000e+00,0.000000000000000000e+00,0.000000000000000000e+00,0.000000000000000000e+00,0.000000000000000000e+00,0.000000000000000000e+00,0.000000000000000000e+00,0.000000000000000000e+00
Moment,0.000000000000000000e+00,0.000000000000000000e+00,0.000000000000000000e+00,0.000000000000000000e+00,0.000000000000000000e+00,0.000000000000000000e+00,0.000000000000000000e+00,0.000000000000000000e+00,0.000000000000000000e+00,0.000000000000000000e+00,0.000000000000000000e+00,0.000000000000000000e+00,0.000000000000000000e+00,0.000000000000000000e+00,0.000000000000000000e+00,0.000000000000000000e+00,0.000000000000000000e+00,0.000000000000000000e+00,0.000000000000000000e+00,0.000000000000000000e+00,0.000000000000000000e+00,0.000000000000000000e+00,0.000000000000000000e+00,0.000000000000000000e+00,0.000000000000000000e+00,0.000000000000000000e+00,0.000000000000000000e+00,0.000000000000000000e+00,0.000000000000000000e+00,0.000000000000000000e+00,0.000000000000000000e+00,0.000000000000000000e+00,0.000000000000000000e+00,0.000000000000000000e+00,0.000000000000000000e+00,0.000000000000000000e+00,0.000000000000000000e+00,0.000000000000000000e+00,0.000000000000000000e+00,0.000000000000000000e+00,0.000000000000000000e+00,0.000000000000000000e+00,0.000000000000000000e+00,0.000000000000000000e+00,0.000000000000000000e+00,0.000000000000000000e+00,0.000000000000000000e+00,0.000000000000000000e+00,0.000000000000000000e+00,0.000000000000000000e+00,0.000000000000000000e+00,0.000000000000000000e+00,0.000000000000000000e+00,0.000000000000000000e+00,0.000000000000000000e+00,0.000000000000000000e+00,0.000000000000000000e+00,0.000000000000000000e+00,0.000000000000000000e+00,0.000000000000000000e+00,0.000000000000000000e+00,0.000000000000000000e+00,0.000000000000000000e+00,0.000000000000000000e+00,0.000000000000000000e+00,0.000000000000000000e+00,0.000000000000000000e+00,0.000000000000000000e+00,0.000000000000000000e+00,0.000000000000000000e+00,0.000000000000000000e+00,0.000000000000000000e+00,0.000000000000000000e+00,0.000000000000000000e+00,0.000000000000000000e+00,0.000000000000000000e+00,0.000000000000000000e+00,0.000000000000000000e+00,0.000000000000000000e+00,0.000000000000000000e+00,0.000000000000000000e+00,0.000000000000000000e+00,0.000000000000000000e+00,0.000000000000000000e+00,0.000000000000000000e+00,0.000000000000000000e+00,0.000000000000000000e+00,0.000000000000000000e+00,0.000000000000000000e+00,0.000000000000000000e+00,0.000000000000000000e+00,0.000000000000000000e+00
Momenti,0.000000000000000000e+00,0.000000000000000000e+00,0.000000000000000000e+00,0.000000000000000000e+00,0.000000000000000000e+00,0.000000000000000000e+00,0.000000000000000000e+00,0.000000000000000000e+00,0.000000000000000000e+00,0.000000000000000000e+00,0.000000000000000000e+00,0.000000000000000000e+00,0.000000000000000000e+00,0.000000000000000000e+00,0.000000000000000000e+00,0.000000000000000000e+00,0.000000000000000000e+00,0.000000000000000000e+00,0.000000000000000000e+00,0.000000000000000000e+00,0.000000000000000000e+00,0.000000000000000000e+00,0.000000000000000000e+00,0.000000000000000000e+00,0.000000000000000000e+00,0.000000000000000000e+00,0.000000000000000000e+00,0.000000000000000000e+00,0.000000000000000000e+00,0.000000000000000000e+00,0.000000000000000000e+00,0.000000000000000000e+00,0.000000000000000000e+00,0.000000000000000000e+00,0.000000000000000000e+00,0.000000000000000000e+00,0.000000000000000000e+00,0.000000000000000000e+00,0.000000000000000000e+00,0.000000000000000000e+00,0.000000000000000000e+00,0.000000000000000000e+00,0.000000000000000000e+00,0.000000000000000000e+00,0.000000000000000000e+00,0.000000000000000000e+00,0.000000000000000000e+00,0.000000000000000000e+00,0.000000000000000000e+00,0.000000000000000000e+00,0.000000000000000000e+00,0.000000000000000000e+00,0.000000000000000000e+00,0.000000000000000000e+00,0.000000000000000000e+00,0.000000000000000000e+00,0.000000000000000000e+00,0.000000000000000000e+00,0.000000000000000000e+00,0.000000000000000000e+00,0.000000000000000000e+00,0.000000000000000000e+00,0.000000000000000000e+00,0.000000000000000000e+00,0.000000000000000000e+00,0.000000000000000000e+00,0.000000000000000000e+00,0.000000000000000000e+00,0.000000000000000000e+00,0.000000000000000000e+00,0.000000000000000000e+00,0.000000000000000000e+00,0.000000000000000000e+00,0.000000000000000000e+00,0.000000000000000000e+00,0.000000000000000000e+00,0.000000000000000000e+00,0.000000000000000000e+00,0.000000000000000000e+00,0.000000000000000000e+00,0.000000000000000000e+00,0.000000000000000000e+00,0.000000000000000000e+00,0.000000000000000000e+00,0.000000000000000000e+00,0.000000000000000000e+00,0.000000000000000000e+00,0.000000000000000000e+00,0.000000000000000000e+00,0.000000000000000000e+00,0.000000000000000000e+00,0.000000000000000000e+00
Momento,0.000000000000000000e+00,0.000000000000000000e+00,0.000000000000000000e+00,0.000000000000000000e+00,0.000000000000000000e+00,0.000000000000000000e+00,0.000000000000000000e+00,0.000000000000000000e+00,0.000000000000000000e+00,0.000000000000000000e+00,0.000000000000000000e+00,0.000000000000000000e+00,0.000000000000000000e+00,0.000000000000000000e+00,0.000000000000000000e+00,0.000000000000000000e+00,0.000000000000000000e+00,0.000000000000000000e+00,0.000000000000000000e+00,0.000000000000000000e+00,0.000000000000000000e+00,0.000000000000000000e+00,0.000000000000000000e+00,0.000000000000000000e+00,0.000000000000000000e+00,0.000000000000000000e+00,0.000000000000000000e+00,0.000000000000000000e+00,0.000000000000000000e+00,0.000000000000000000e+00,0.000000000000000000e+00,0.000000000000000000e+00,0.000000000000000000e+00,0.000000000000000000e+00,0.000000000000000000e+00,0.000000000000000000e+00,0.000000000000000000e+00,0.000000000000000000e+00,0.000000000000000000e+00,0.000000000000000000e+00,0.000000000000000000e+00,0.000000000000000000e+00,0.000000000000000000e+00,0.000000000000000000e+00,0.000000000000000000e+00,0.000000000000000000e+00,0.000000000000000000e+00,0.000000000000000000e+00,0.000000000000000000e+00,0.000000000000000000e+00,0.000000000000000000e+00,0.000000000000000000e+00,0.000000000000000000e+00,0.000000000000000000e+00,0.000000000000000000e+00,0.000000000000000000e+00,0.000000000000000000e+00,0.000000000000000000e+00,0.000000000000000000e+00,0.000000000000000000e+00,0.000000000000000000e+00,0.000000000000000000e+00,0.000000000000000000e+00,0.000000000000000000e+00,0.000000000000000000e+00,0.000000000000000000e+00,0.000000000000000000e+00,0.000000000000000000e+00,0.000000000000000000e+00,0.000000000000000000e+00,0.000000000000000000e+00,0.000000000000000000e+00,0.000000000000000000e+00,0.000000000000000000e+00,0.000000000000000000e+00,0.000000000000000000e+00,0.000000000000000000e+00,0.000000000000000000e+00,0.000000000000000000e+00,0.000000000000000000e+00,0.000000000000000000e+00,0.000000000000000000e+00,0.000000000000000000e+00,0.000000000000000000e+00,0.000000000000000000e+00,0.000000000000000000e+00,0.000000000000000000e+00,0.000000000000000000e+00,0.000000000000000000e+00,0.000000000000000000e+00,0.000000000000000000e+00,0.000000000000000000e+00
Power,0.000000000000000000e+00,0.000000000000000000e+00,0.000000000000000000e+00,0.000000000000000000e+00,0.000000000000000000e+00,0.000000000000000000e+00,0.000000000000000000e+00,0.000000000000000000e+00,0.000000000000000000e+00,0.000000000000000000e+00,0.000000000000000000e+00,0.000000000000000000e+00,0.000000000000000000e+00,0.000000000000000000e+00,0.000000000000000000e+00,0.000000000000000000e+00,0.000000000000000000e+00,0.000000000000000000e+00,0.000000000000000000e+00,0.000000000000000000e+00,0.000000000000000000e+00,0.000000000000000000e+00,0.000000000000000000e+00,0.000000000000000000e+00,0.000000000000000000e+00,0.000000000000000000e+00,0.000000000000000000e+00,0.000000000000000000e+00,0.000000000000000000e+00,0.000000000000000000e+00,0.000000000000000000e+00,0.000000000000000000e+00,0.000000000000000000e+00,0.000000000000000000e+00,0.000000000000000000e+00,0.000000000000000000e+00,0.000000000000000000e+00,0.000000000000000000e+00,0.000000000000000000e+00,0.000000000000000000e+00,0.000000000000000000e+00,0.000000000000000000e+00,0.000000000000000000e+00,0.000000000000000000e+00,0.000000000000000000e+00,0.000000000000000000e+00,0.000000000000000000e+00,0.000000000000000000e+00,0.000000000000000000e+00,0.000000000000000000e+00,0.000000000000000000e+00,0.000000000000000000e+00,0.000000000000000000e+00,0.000000000000000000e+00,0.000000000000000000e+00,0.000000000000000000e+00,0.000000000000000000e+00,0.000000000000000000e+00,0.000000000000000000e+00,0.000000000000000000e+00,0.000000000000000000e+00,0.000000000000000000e+00,0.000000000000000000e+00,0.000000000000000000e+00,0.000000000000000000e+00,0.000000000000000000e+00,0.000000000000000000e+00,0.000000000000000000e+00,0.000000000000000000e+00,0.000000000000000000e+00,0.000000000000000000e+00,0.000000000000000000e+00,0.000000000000000000e+00,0.000000000000000000e+00,0.000000000000000000e+00,0.000000000000000000e+00,0.000000000000000000e+00,0.000000000000000000e+00,0.000000000000000000e+00,0.000000000000000000e+00,0.000000000000000000e+00,0.000000000000000000e+00,0.000000000000000000e+00,0.000000000000000000e+00,0.000000000000000000e+00,0.000000000000000000e+00,0.000000000000000000e+00,0.000000000000000000e+00,0.000000000000000000e+00,0.000000000000000000e+00,0.000000000000000000e+00,0.000000000000000000e+00
Poweri,0.000000000000000000e+00,0.000000000000000000e+00,0.000000000000000000e+00,0.000000000000000000e+00,0.000000000000000000e+00,0.000000000000000000e+00,0.000000000000000000e+00,0.000000000000000000e+00,0.000000000000000000e+00,0.000000000000000000e+00,0.000000000000000000e+00,0.000000000000000000e+00,0.000000000000000000e+00,0.000000000000000000e+00,0.000000000000000000e+00,0.000000000000000000e+00,0.000000000000000000e+00,0.000000000000000000e+00,0.000000000000000000e+00,0.000000000000000000e+00,0.000000000000000000e+00,0.000000000000000000e+00,0.000000000000000000e+00,0.000000000000000000e+00,0.000000000000000000e+00,0.000000000000000000e+00,0.000000000000000000e+00,0.000000000000000000e+00,0.000000000000000000e+00,0.000000000000000000e+00,0.000000000000000000e+00,0.000000000000000000e+00,0.000000000000000000e+00,0.000000000000000000e+00,0.000000000000000000e+00,0.000000000000000000e+00,0.000000000000000000e+00,0.000000000000000000e+00,0.000000000000000000e+00,0.000000000000000000e+00,0.000000000000000000e+00,0.000000000000000000e+00,0.000000000000000000e+00,0.000000000000000000e+00,0.000000000000000000e+00,0.000000000000000000e+00,0.000000000000000000e+00,0.000000000000000000e+00,0.000000000000000000e+00,0.000000000000000000e+00,0.000000000000000000e+00,0.000000000000000000e+00,0.000000000000000000e+00,0.000000000000000000e+00,0.000000000000000000e+00,0.000000000000000000e+00,0.000000000000000000e+00,0.000000000000000000e+00,0.000000000000000000e+00,0.000000000000000000e+00,0.000000000000000000e+00,0.000000000000000000e+00,0.000000000000000000e+00,0.000000000000000000e+00,0.000000000000000000e+00,0.000000000000000000e+00,0.000000000000000000e+00,0.000000000000000000e+00,0.000000000000000000e+00,0.000000000000000000e+00,0.000000000000000000e+00,0.000000000000000000e+00,0.000000000000000000e+00,0.000000000000000000e+00,0.000000000000000000e+00,0.000000000000000000e+00,0.000000000000000000e+00,0.000000000000000000e+00,0.000000000000000000e+00,0.000000000000000000e+00,0.000000000000000000e+00,0.000000000000000000e+00,0.000000000000000000e+00,0.000000000000000000e+00,0.000000000000000000e+00,0.000000000000000000e+00,0.000000000000000000e+00,0.000000000000000000e+00,0.000000000000000000e+00,0.000000000000000000e+00,0.000000000000000000e+00,0.000000000000000000e+00
Powero,0.000000000000000000e+00,0.000000000000000000e+00,0.000000000000000000e+00,0.000000000000000000e+00,0.000000000000000000e+00,0.000000000000000000e+00,0.000000000000000000e+00,0.000000000000000000e+00,0.000000000000000000e+00,0.000000000000000000e+00,0.000000000000000000e+00,0.000000000000000000e+00,0.000000000000000000e+00,0.000000000000000000e+00,0.000000000000000000e+00,0.000000000000000000e+00,0.000000000000000000e+00,0.000000000000000000e+00,0.000000000000000000e+00,0.000000000000000000e+00,0.000000000000000000e+00,0.000000000000000000e+00,0.000000000000000000e+00,0.000000000000000000e+00,0.000000000000000000e+00,0.000000000000000000e+00,0.000000000000000000e+00,0.000000000000000000e+00,0.000000000000000000e+00,0.000000000000000000e+00,0.000000000000000000e+00,0.000000000000000000e+00,0.000000000000000000e+00,0.000000000000000000e+00,0.000000000000000000e+00,0.000000000000000000e+00,0.000000000000000000e+00,0.000000000000000000e+00,0.000000000000000000e+00,0.000000000000000000e+00,0.000000000000000000e+00,0.000000000000000000e+00,0.000000000000000000e+00,0.000000000000000000e+00,0.000000000000000000e+00,0.000000000000000000e+00,0.000000000000000000e+00,0.000000000000000000e+00,0.000000000000000000e+00,0.000000000000000000e+00,0.000000000000000000e+00,0.000000000000000000e+00,0.000000000000000000e+00,0.000000000000000000e+00,0.000000000000000000e+00,0.000000000000000000e+00,0.000000000000000000e+00,0.000000000000000000e+00,0.000000000000000000e+00,0.000000000000000000e+00,0.000000000000000000e+00,0.000000000000000000e+00,0.000000000000000000e+00,0.000000000000000000e+00,0.000000000000000000e+00,0.000000000000000000e+00,0.000000000000000000e+00,0.000000000000000000e+00,0.000000000000000000e+00,0.000000000000000000e+00,0.000000000000000000e+00,0.000000000000000000e+00,0.000000000000000000e+00,0.000000000000000000e+00,0.000000000000000000e+00,0.000000000000000000e+00,0.000000000000000000e+00,0.000000000000000000e+00,0.000000000000000000e+00,0.000000000000000000e+00,0.000000000000000000e+00,0.000000000000000000e+00,0.000000000000000000e+00,0.000000000000000000e+00,0.000000000000000000e+00,0.000000000000000000e+00,0.000000000000000000e+00,0.000000000000000000e+00,0.000000000000000000e+00,0.000000000000000000e+00,0.000000000000000000e+00,0.000000000000000000e+00
RPM,0.000000000000000000e+00,0.000000000000000000e+00,0.000000000000000000e+00,0.000000000000000000e+00,0.000000000000000000e+00,0.000000000000000000e+00,0.000000000000000000e+00,0.000000000000000000e+00,0.000000000000000000e+00,0.000000000000000000e+00,0.000000000000000000e+00,0.000000000000000000e+00,0.000000000000000000e+00,0.000000000000000000e+00,0.000000000000000000e+00,0.000000000000000000e+00,0.000000000000000000e+00,0.000000000000000000e+00,0.000000000000000000e+00,0.000000000000000000e+00,0.000000000000000000e+00,0.000000000000000000e+00,0.000000000000000000e+00,0.000000000000000000e+00,0.000000000000000000e+00,0.000000000000000000e+00,0.000000000000000000e+00,0.000000000000000000e+00,0.000000000000000000e+00,0.000000000000000000e+00,0.000000000000000000e+00,0.000000000000000000e+00,0.000000000000000000e+00,0.000000000000000000e+00,0.000000000000000000e+00,0.000000000000000000e+00,0.000000000000000000e+00,0.000000000000000000e+00,0.000000000000000000e+00,0.000000000000000000e+00,0.000000000000000000e+00,0.000000000000000000e+00,0.000000000000000000e+00,0.000000000000000000e+00,0.000000000000000000e+00,0.000000000000000000e+00,0.000000000000000000e+00,0.000000000000000000e+00,0.000000000000000000e+00,0.000000000000000000e+00,0.000000000000000000e+00,0.000000000000000000e+00,0.000000000000000000e+00,0.000000000000000000e+00,0.000000000000000000e+00,0.000000000000000000e+00,0.000000000000000000e+00,0.000000000000000000e+00,0.000000000000000000e+00,0.000000000000000000e+00,0.000000000000000000e+00,0.000000000000000000e+00,0.000000000000000000e+00,0.000000000000000000e+00,0.000000000000000000e+00,0.000000000000000000e+00,0.000000000000000000e+00,0.000000000000000000e+00,0.000000000000000000e+00,0.000000000000000000e+00,0.000000000000000000e+00,0.000000000000000000e+00,0.000000000000000000e+00,0.000000000000000000e+00,0.000000000000000000e+00,0.000000000000000000e+00,0.000000000000000000e+00,0.000000000000000000e+00,0.000000000000000000e+00,0.000000000000000000e+00,0.000000000000000000e+00,0.000000000000000000e+00,0.000000000000000000e+00,0.000000000000000000e+00,0.000000000000000000e+00,0.000000000000000000e+00,0.000000000000000000e+00,0.000000000000000000e+00,0.000000000000000000e+00,0.000000000000000000e+00,0.000000000000000000e+00,0.000000000000000000e+00
SoverB,3.100999999999999937e-02,6.201999999999999874e-02,9.303000000000000158e-02,1.240399999999999975e-01,1.550499999999999934e-01,1.860600000000000032e-01,2.170700000000000129e-01,2.480799999999999950e-01,2.733400000000000274e-01,2.790900000000000047e-01,3.592000000000000193e-01,4.393000000000000238e-01,5.193999999999999728e-01,5.995000000000000329e-01,6.795999999999999819e-01,7.597000000000000419e-01,8.397999999999999909e-01,9.199000000000000510e-01,1.000000000000000000e+00,3.100999999999999937e-02,6.201999999999999874e-02,9.303000000000000158e-02,1.240399999999999975e-01,1.550499999999999934e-01,1.860600000000000032e-01,2.170700000000000129e-01,2.480799999999999950e-01,2.733400000000000274e-01,2.790900000000000047e-01,3.592000000000000193e-01,4.393000000000000238e-01,5.193999999999999728e-01,5.995000000000000329e-01,6.795999999999999819e-01,7.597000000000000419e-01,8.397999999999999909e-01,9.199000000000000510e-01,1.000000000000000000e+00,1.111100000000000004e-01,2.222200000000000009e-01,3.333300000000000152e-01,4.444400000000000017e-01,5.555600000000000538e-01,6.666699999999999848e-01,7.777800000000000269e-01,8.888899999999999579e-01,1.000000000000000000e+00,1.111100000000000004e-01,2.222200000000000009e-01,3.333300000000000152e-01,4.444400000000000017e-01,5.555600000000000538e-01,6.666699999999999848e-01,7.777800000000000269e-01,8.888899999999999579e-01,1.000000000000000000e+00,2.925000000000000169e-02,5.850000000000000339e-02,8.774999999999999467e-02,1.170100000000000029e-01,1.462600000000000011e-01,1.755099999999999993e-01,2.047700000000000076e-01,2.340200000000000058e-01,2.632700000000000040e-01,3.451299999999999923e-01,4.269899999999999807e-01,5.088500000000000245e-01,5.907099999999999573e-01,6.725700000000000012e-01,7.544199999999999795e-01,8.362800000000000233e-01,9.181399999999999562e-01,1.000000000000000000e+00,2.925000000000000169e-02,5.850000000000000339e-02,8.774999999999999467e-02,1.170100000000000029e-01,1.462600000000000011e-01,1.755099999999999993e-01,2.047700000000000076e-01,2.340200000000000058e-01,2.632700000000000040e-01,3.451299999999999923e-01,4.269899999999999807e-01,5.088500000000000245e-01,5.907099999999999573e-01,6.725700000000000012e-01,7.544199999999999795e-01,8.362800000000000233e-01,9.181399999999999562e-01,1.000000000000000000e+00
StallFact,1.000000000000000000e+00,1.000000000000000000e+00,1.000000000000000000e+00,1.000000000000000000e+00,1.000000000000000000e+00,1.000000000000000000e+00,1.000000000000000000e+00,1.000000000000000000e+00,1.000000000000000000e+00,1.000000000000000000e+00,1.000000000000000000e+00,1.000000000000000000e+00,1.000000000000000000e+00,1.000000000000000000e+00,1.000000000000000000e+00,1.000000000000000000e+00,1.000000000000000000e+00,1.000000000000000000e+00,1.000000000000000000e+00,1.000000000000000000e+00,1.000000000000000000e+00,1.000000000000000000e+00,1.000000000000000000e+00,1.000000000000000000e+00,1.000000000000000000e+00,1.000000000000000000e+00,1.000000000000000000e+00,1.000000000000000000e+00,1.000000000000000000e+00,1.000000000000000000e+00,1.000000000000000000e+00,1.000000000000000000e+00,1.000000000000000000e+00,1.000000000000000000e+00,1.000000000000000000e+00,1.000000000000000000e+00,1.000000000000000000e+00,1.000000000000000000e+00,1.000000000000000000e+00,1.000000000000000000e+00,1.000000000000000000e+00,1.000000000000000000e+00,1.000000000000000000e+00,1.000000000000000000e+00,1.000000000000000000e+00,1.000000000000000000e+00,1.000000000000000000e+00,1.000000000000000000e+00,1.000000000000000000e+00,1.000000000000000000e+00,1.000000000000000000e+00,1.000000000000000000e+00,1.000000000000000000e+00,1.000000000000000000e+00,1.000000000000000000e+00,1.000000000000000000e+00,1.000000000000000000e+00,1.000000000000000000e+00,1.000000000000000000e+00,1.000000000000000000e+00,1.000000000000000000e+00,1.000000000000000000e+00,1.000000000000000000e+00,1.000000000000000000e+00,1.000000000000000000e+00,1.000000000000000000e+00,1.000000000000000000e+00,1.000000000000000000e+00,1.000000000000000000e+00,1.000000000000000000e+00,1.000000000000000000e+00,1.000000000000000000e+00,1.000000000000000000e+00,1.000000000000000000e+00,1.000000000000000000e+00,1.000000000000000000e+00,1.000000000000000000e+00,1.000000000000000000e+00,1.000000000000000000e+00,1.000000000000000000e+00,1.000000000000000000e+00,1.000000000000000000e+00,1.000000000000000000e+00,1.000000000000000000e+00,1.000000000000000000e+00,1.000000000000000000e+00,1.000000000000000000e+00,1.000000000000000000e+00,1.000000000000000000e+00,1.000000000000000000e+00,1.000000000000000000e+00,1.000000000000000000e+00
Thrust,0.000000000000000000e+00,0.000000000000000000e+00,0.000000000000000000e+00,0.000000000000000000e+00,0.000000000000000000e+00,0.000000000000000000e+00,0.000000000000000000e+00,0.000000000000000000e+00,0.000000000000000000e+00,0.000000000000000000e+00,0.000000000000000000e+00,0.000000000000000000e+00,0.000000000000000000e+00,0.000000000000000000e+00,0.000000000000000000e+00,0.000000000000000000e+00,0.000000000000000000e+00,0.000000000000000000e+00,0.000000000000000000e+00,0.000000000000000000e+00,0.000000000000000000e+00,0.000000000000000000e+00,0.000000000000000000e+00,0.000000000000000000e+00,0.000000000000000000e+00,0.000000000000000000e+00,0.000000000000000000e+00,0.000000000000000000e+00,0.000000000000000000e+00,0.000000000000000000e+00,0.000000000000000000e+00,0.000000000000000000e+00,0.000000000000000000e+00,0.000000000000000000e+00,0.000000000000000000e+00,0.000000000000000000e+00,0.000000000000000000e+00,0.000000000000000000e+00,0.000000000000000000e+00,0.000000000000000000e+00,0.000000000000000000e+00,0.000000000000000000e+00,0.000000000000000000e+00,0.000000000000000000e+00,0.000000000000000000e+00,0.000000000000000000e+00,0.000000000000000000e+00,0.000000000000000000e+00,0.000000000000000000e+00,0.000000000000000000e+00,0.000000000000000000e+00,0.000000000000000000e+00,0.000000000000000000e+00,0.000000000000000000e+00,0.000000000000000000e+00,0.000000000000000000e+00,0.000000000000000000e+00,0.000000000000000000e+00,0.000000000000000000e+00,0.000000000000000000e+00,0.000000000000000000e+00,0.000000000000000000e+00,0.000000000000000000e+00,0.000000000000000000e+00,0.000000000000000000e+00,0.000000000000000000e+00,0.000000000000000000e+00,0.000000000000000000e+00,0.000000000000000000e+00,0.000000000000000000e+00,0.000000000000000000e+00,0.000000000000000000e+00,0.000000000000000000e+00,0.000000000000000000e+00,0.000000000000000000e+00,0.000000000000000000e+00,0.000000000000000000e+00,0.000000000000000000e+00,0.000000000000000000e+00,0.000000000000000000e+00,0.000000000000000000e+00,0.000000000000000000e+00,0.000000000000000000e+00,0.000000000000000000e+00,0.000000000000000000e+00,0.000000000000000000e+00,0.000000000000000000e+00,0.000000000000000000e+00,0.000000000000000000e+00,0.000000000000000000e+00,0.000000000000000000e+00,0.000000000000000000e+00
Thrusti,0.000000000000000000e+00,0.000000000000000000e+00,0.000000000000000000e+00,0.000000000000000000e+00,0.000000000000000000e+00,0.000000000000000000e+00,0.000000000000000000e+00,0.000000000000000000e+00,0.000000000000000000e+00,0.000000000000000000e+00,0.000000000000000000e+00,0.000000000000000000e+00,0.000000000000000000e+00,0.000000000000000000e+00,0.000000000000000000e+00,0.000000000000000000e+00,0.000000000000000000e+00,0.000000000000000000e+00,0.000000000000000000e+00,0.000000000000000000e+00,0.000000000000000000e+00,0.000000000000000000e+00,0.000000000000000000e+00,0.000000000000000000e+00,0.000000000000000000e+00,0.000000000000000000e+00,0.000000000000000000e+00,0.000000000000000000e+00,0.000000000000000000e+00,0.000000000000000000e+00,0.000000000000000000e+00,0.000000000000000000e+00,0.000000000000000000e+00,0.000000000000000000e+00,0.000000000000000000e+00,0.000000000000000000e+00,0.000000000000000000e+00,0.000000000000000000e+00,0.000000000000000000e+00,0.000000000000000000e+00,0.000000000000000000e+00,0.000000000000000000e+00,0.000000000000000000e+00,0.000000000000000000e+00,0.000000000000000000e+00,0.000000000000000000e+00,0.000000000000000000e+00,0.000000000000000000e+00,0.000000000000000000e+00,0.000000000000000000e+00,0.000000000000000000e+00,0.000000000000000000e+00,0.000000000000000000e+00,0.000000000000000000e+00,0.000000000000000000e+00,0.000000000000000000e+00,0.000000000000000000e+00,0.000000000000000000e+00,0.000000000000000000e+00,0.000000000000000000e+00,0.000000000000000000e+00,0.000000000000000000e+00,0.000000000000000000e+00,0.000000000000000000e+00,0.000000000000000000e+00,0.000000000000000000e+00,0.000000000000000000e+00,0.000000000000000000e+00,0.000000000000000000e+00,0.000000000000000000e+00,0.000000000000000000e+00,0.000000000000000000e+00,0.000000000000000000e+00,0.000000000000000000e+00,0.000000000000000000e+00,0.000000000000000000e+00,0.000000000000000000e+00,0.000000000000000000e+00,0.000000000000000000e+00,0.000000000000000000e+00,0.000000000000000000e+00,0.000000000000000000e+00,0.000000000000000000e+00,0.000000000000000000e+00,0.000000000000000000e+00,0.000000000000000000e+00,0.000000000000000000e+00,0.000000000000000000e+00,0.000000000000000000e+00,0.000000000000000000e+00,0.000000000000000000e+00,0.000000000000000000e+00
Thrusto,0.000000000000000000e+00,0.000000000000000000e+00,0.000000000000000000e+00,0.000000000000000000e+00,0.000000000000000000e+00,0.000000000000000000e+00,0.000000000000000000e+00,0.000000000000000000e+00,0.000000000000000000e+00,0.000000000000000000e+00,0.000000000000000000e+00,0.000000000000000000e+00,0.000000000000000000e+00,0.000000000000000000e+00,0.000000000000000000e+00,0.000000000000000000e+00,0.000000000000000000e+00,0.000000000000000000e+00,0.000000000000000000e+00,0.000000000000000000e+00,0.000000000000000000e+00,0.000000000000000000e+00,0.000000000000000000e+00,0.000000000000000000e+00,0.000000000000000000e+00,0.000000000000000000e+00,0.000000000000000000e+00,0.000000000000000000e+00,0.000000000000000000e+00,0.000000000000000000e+00,0.000000000000000000e+00,0.000000000000000000e+00,0.000000000000000000e+00,0.000000000000000000e+00,0.000000000000000000e+00,0.000000000000000000e+00,0.000000000000000000e+00,0.000000000000000000e+00,0.000000000000000000e+00,0.000000000000000000e+00,0.000000000000000000e+00,0.000000000000000000e+00,0.000000000000000000e+00,0.000000000000000000e+00,0.000000000000000000e+00,0.000000000000000000e+00,0.000000000000000000e+00,0.000000000000000000e+00,0.000000000000000000e+00,0.000000000000000000e+00,0.000000000000000000e+00,0.000000000000000000e+00,0.000000000000000000e+00,0.000000000000000000e+00,0.000000000000000000e+00,0.000000000000000000e+00,0.000000000000000000e+00,0.000000000000000000e+00,0.000000000000000000e+00,0.000000000000000000e+00,0.000000000000000000e+00,0.000000000000000000e+00,0.000000000000000000e+00,0.000000000000000000e+00,0.000000000000000000e+00,0.000000000000000000e+00,0.000000000000000000e+00,0.000000000000000000e+00,0.000000000000000000e+00,0.000000000000000000e+00,0.000000000000000000e+00,0.000000000000000000e+00,0.000000000000000000e+00,0.000000000000000000e+00,0.000000000000000000e+00,0.000000000000000000e+00,0.000000000000000000e+00,0.000000000000000000e+00,0.000000000000000000e+00,0.000000000000000000e+00,0.000000000000000000e+00,0.000000000000000000e+00,0.000000000000000000e+00,0.000000000000000000e+00,0.000000000000000000e+00,0.000000000000000000e+00,0.000000000000000000e+00,0.000000000000000000e+00,0.000000000000000000e+00,0.000000000000000000e+00,0.000000000000000000e+00,0.000000000000000000e+00
TrailVort,1,2,3,4,5,6,7,8,9,10,11,12,13,14,15,16,17,18,19,1,2,3,4,5,6,7,8,9,10,11,12,13,14,15,16,17,18,19,1,2,3,4,5,6,7,8,9,1,2,3,4,5,6,7,8,9,1,2,3,4,5,6,7,8,9,10,11,12,13,14,15,16,17,18,1,2,3,4,5,6,7,8,9,10,11,12,13,14,15,16,17,18
Unsteady,0
V/Vref,1.000000000000000000e+00,1.000000000000000000e+00,1.000000000000000000e+00,1.000000000000000000e+00,1.000000000000000000e+00,1.000000000000000000e+00,1.000000000000000000e+00,1.000000000000000000e+00,1.000000000000000000e+00,1.000000000000000000e+00,1.000000000000000000e+00,1.000000000000000000e+00,1.000000000000000000e+00,1.000000000000000000e+00,1.000000000000000000e+00,1.000000000000000000e+00,1.000000000000000000e+00,1.000000000000000000e+00,1.000000000000000000e+00,1.000000000000000000e+00,1.000000000000000000e+00,1.000000000000000000e+00,1.000000000000000000e+00,1.000000000000000000e+00,1.000000000000000000e+00,1.000000000000000000e+00,1.000000000000000000e+00,1.000000000000000000e+00,1.000000000000000000e+00,1.000000000000000000e+00,1.000000000000000000e+00,1.000000000000000000e+00,1.000000000000000000e+00,1.000000000000000000e+00,1.000000000000000000e+00,1.000000000000000000e+00,1.000000000000000000e+00,1.000000000000000000e+00,1.000000000000000000e+00,1.000000000000000000e+00,1.000000000000000000e+00,1.000000000000000000e+00,1.000000000000000000e+00,1.000000000000000000e+00,1.000000000000000000e+00,1.000000000000000000e+00,1.000000000000000000e+00,1.000000000000000000e+00,1.000000000000000000e+00,1.000000000000000000e+00,1.000000000000000000e+00,1.000000000000000000e+00,1.000000000000000000e+00,1.000000000000000000e+00,1.000000000000000000e+00,1.000000000000000000e+00,1.000000000000000000e+00,1.000000000000000000e+00,1.000000000000000000e+00,1.000000000000000000e+00,1.000000000000000000e+00,1.000000000000000000e+00,1.000000000000000000e+00,1.000000000000000000e+00,1.000000000000000000e+00,1.000000000000000000e+00,1.000000000000000000e+00,1.000000000000000000e+00,1.000000000000000000e+00,1.000000000000000000e+00,1.000000000000000000e+00,1.000000000000000000e+00,1.000000000000000000e+00,1.000000000000000000e+00,1.000000000000000000e+00,1.000000000000000000e+00,1.000000000000000000e+00,1.000000000000000000e+00,1.000000000000000000e+00,1.000000000000000000e+00,1.000000000000000000e+00,1.000000000000000000e+00,1.000000000000000000e+00,1.000000000000000000e+00,1.000000000000000000e+00,1.000000000000000000e+00,1.000000000000000000e+00,1.000000000000000000e+00,1.000000000000000000e+00,1.000000000000000000e+00,1.000000000000000000e+00,1.000000000000000000e+00
VortexSheet,1,1,1,1,1,1,1,1,1,1,1,1,1,1,1,1,1,1,1,2,2,2,2,2,2,2,2,2,2,2,2,2,2,2,2,2,2,2,3,3,3,3,3,3,3,3,3,4,4,4,4,4,4,4,4,4,5,5,5,5,5,5,5,5,5,5,5,5,5,5,5,5,5,5,6,6,6,6,6,6,6,6,6,6,6,6,6,6,6,6,6,6
Xavg,4.078603999999999985e+01,4.077788000000000324e+01,4.076971000000000345e+01,4.076154999999999973e+01,4.075337999999999994e+01,4.074522000000000332e+01,4.073705000000000354e+01,4.072888999999999982e+01,4.072147999999999968e+01,4.071739999999999782e+01,4.085244999999999749e+01,4.112407000000000323e+01,4.139567999999999870e+01,4.166729000000000127e+01,4.193889000000000067e+01,4.221049000000000007e+01,4.248208999999999946e+01,4.275368999999999886e+01,4.302530000000000143e+01,4.078603999999999985e+01,4.077788000000000324e+01,4.076971000000000345e+01,4.076154999999999973e+01,4.075337999999999994e+01,4.074522000000000332e+01,4.073705000000000354e+01,4.072888999999999982e+01,4.072147999999999968e+01,4.071739999999999782e+01,4.085244999999999749e+01,4.112407000000000323e+01,4.139567999999999870e+01,4.166729000000000127e+01,4.193889000000000067e+01,4.221049000000000007e+01,4.248208999999999946e+01,4.275368999999999886e+01,4.302530000000000143e+01,5.236139000000000010e+01,5.270192999999999728e+01,5.304247999999999763e+01,5.338302000000000191e+01,5.372355999999999909e+01,5.406410000000000338e+01,5.440464000000000055e+01,5.474517999999999773e+01,5.508572000000000202e+01,5.236139000000000010e+01,5.270192999999999728e+01,5.304247999999999763e+01,5.338302000000000191e+01,5.372355999999999909e+01,5.406410000000000338e+01,5.440464000000000055e+01,5.474517999999999773e+01,5.508572000000000202e+01,4.877049000000000234e+01,4.878936000000000206e+01,4.880823000000000178e+01,4.882710999999999757e+01,4.884597999999999729e+01,4.886484999999999701e+01,4.888371999999999673e+01,4.890258999999999645e+01,4.892146999999999935e+01,4.894178000000000139e+01,4.896354000000000184e+01,4.898530000000000229e+01,4.900704999999999956e+01,4.902881000000000000e+01,4.905057000000000045e+01,4.907233000000000089e+01,4.909409000000000134e+01,4.911583999999999861e+01,4.877049000000000234e+01,4.878936000000000206e+01,4.880823000000000178e+01,4.882710999999999757e+01,4.884597999999999729e+01,4.886484999999999701e+01,4.888371999999999673e+01,4.890258999999999645e+01,4.892146999999999935e+01,4.894178000000000139e+01,4.896354000000000184e+01,4.898530000000000229e+01,4.900704999999999956e+01,4.902881000000000000e+01,4.905057000000000045e+01,4.907233000000000089e+01,4.909409000000000134e+01,4.911583999999999861e+01
Yavg,1.265079999999999982e+00,1.795239999999999947e+00,2.325390000000000068e+00,2.855550000000000033e+00,3.385709999999999997e+00,3.915869999999999962e+00,4.446019999999999861e+00,4.976180000000000270e+00,5.457169999999999632e+00,5.722240000000000215e+00,6.456170000000000186e+00,7.825660000000000061e+00,9.195119999999999294e+00,1.056456000000000017e+01,1.193397000000000041e+01,1.330336999999999925e+01,1.467276999999999987e+01,1.604216999999999871e+01,1.741158000000000072e+01,-1.265079999999999982e+00,-1.795239999999999947e+00,-2.325390000000000068e+00,-2.855550000000000033e+00,-3.385709999999999997e+00,-3.915869999999999962e+00,-4.446019999999999861e+00,-4.976180000000000270e+00,-5.457169999999999632e+00,-5.722240000000000215e+00,-6.456170000000000186e+00,-7.825660000000000061e+00,-9.195119999999999294e+00,-1.056456000000000017e+01,-1.193397000000000041e+01,-1.330336999999999925e+01,-1.467276999999999987e+01,-1.604216999999999871e+01,-1.741158000000000072e+01,6.249410000000000132e+00,6.944969999999999644e+00,7.640520000000000422e+00,8.336069999999999425e+00,9.031620000000000203e+00,9.727169999999999206e+00,1.042271999999999998e+01,1.111827000000000076e+01,1.181381999999999977e+01,-6.249410000000000132e+00,-6.944969999999999644e+00,-7.640520000000000422e+00,-8.336069999999999425e+00,-9.031620000000000203e+00,-9.727169999999999206e+00,-1.042271999999999998e+01,-1.111827000000000076e+01,-1.181381999999999977e+01,5.670189999999999841e+00,5.699080000000000368e+00,5.727979999999999627e+00,5.756879999999999775e+00,5.785779999999999923e+00,5.814669999999999561e+00,5.843569999999999709e+00,5.872469999999999857e+00,5.901370000000000005e+00,5.956249999999999822e+00,6.037110000000000198e+00,6.117969999999999686e+00,6.198830000000000062e+00,6.279690000000000438e+00,6.360560000000000436e+00,6.441419999999999924e+00,6.522280000000000300e+00,6.603139999999999787e+00,-5.670189999999999841e+00,-5.699080000000000368e+00,-5.727979999999999627e+00,-5.756879999999999775e+00,-5.785779999999999923e+00,-5.814669999999999561e+00,-5.843569999999999709e+00,-5.872469999999999857e+00,-5.901370000000000005e+00,-5.956249999999999822e+00,-6.037110000000000198e+00,-6.117969999999999686e+00,-6.198830000000000062e+00,-6.279690000000000438e+00,-6.360560000000000436e+00,-6.441419999999999924e+00,-6.522280000000000300e+00,-6.603139999999999787e+00
Zavg,3.959400000000000142e-01,3.681599999999999873e-01,3.403800000000000159e-01,3.125899999999999790e-01,2.848100000000000076e-01,2.570200000000000262e-01,2.292399999999999993e-01,2.014499999999999902e-01,1.762499999999999900e-01,1.623499999999999943e-01,1.238900000000000001e-01,5.211999999999999966e-02,-1.965000000000000080e-02,-9.142000000000000126e-02,-1.631900000000000017e-01,-2.349600000000000022e-01,-3.067199999999999926e-01,-3.784899999999999931e-01,-4.502599999999999936e-01,3.959400000000000142e-01,3.681599999999999873e-01,3.403800000000000159e-01,3.125899999999999790e-01,2.848100000000000076e-01,2.570200000000000262e-01,2.292399999999999993e-01,2.014499999999999902e-01,1.762499999999999900e-01,1.623499999999999943e-01,1.238900000000000001e-01,5.211999999999999966e-02,-1.965000000000000080e-02,-9.142000000000000126e-02,-1.631900000000000017e-01,-2.349600000000000022e-01,-3.067199999999999926e-01,-3.784899999999999931e-01,-4.502599999999999936e-01,6.069999999999999701e-02,1.814999999999999947e-02,-2.438999999999999849e-02,-6.693000000000000338e-02,-1.094699999999999979e-01,-1.520100000000000062e-01,-1.945500000000000007e-01,-2.371000000000000052e-01,-2.796399999999999997e-01,6.069999999999999701e-02,1.814999999999999947e-02,-2.438999999999999849e-02,-6.693000000000000338e-02,-1.094699999999999979e-01,-1.520100000000000062e-01,-1.945500000000000007e-01,-2.371000000000000052e-01,-2.796399999999999997e-01,1.374700000000000089e-01,4.124099999999999988e-01,6.873500000000000165e-01,9.622899999999999787e-01,1.237230000000000052e+00,1.512170000000000014e+00,1.787109999999999976e+00,2.062050000000000161e+00,2.336990000000000123e+00,2.859140000000000015e+00,3.628490000000000215e+00,4.397840000000000416e+00,5.167189999999999728e+00,5.936550000000000438e+00,6.705899999999999750e+00,7.475249999999999950e+00,8.244600000000000151e+00,9.013949999999999463e+00,1.374700000000000089e-01,4.124099999999999988e-01,6.873500000000000165e-01,9.622899999999999787e-01,1.237230000000000052e+00,1.512170000000000014e+00,1.787109999999999976e+00,2.062050000000000161e+00,2.336990000000000123e+00,2.859140000000000015e+00,3.628490000000000215e+00,4.397840000000000416e+00,5.167189999999999728e+00,5.936550000000000438e+00,6.705899999999999750e+00,7.475249999999999950e+00,8.244600000000000151e+00,9.013949999999999463e+00
cd,7.490000000000000130e-03,1.000999999999999980e-02,1.171999999999999952e-02,1.328000000000000014e-02,1.484000000000000076e-02,1.649000000000000118e-02,1.830000000000000029e-02,2.042000000000000065e-02,2.536000000000000060e-02,2.001000000000000001e-02,2.860000000000000042e-02,3.126000000000000306e-02,3.398000000000000326e-02,3.749000000000000249e-02,4.053999999999999965e-02,4.263000000000000123e-02,4.263999999999999735e-02,4.057000000000000189e-02,3.398999999999999938e-02,7.490000000000000130e-03,1.000999999999999980e-02,1.171999999999999952e-02,1.328000000000000014e-02,1.484000000000000076e-02,1.648000000000000159e-02,1.831999999999999948e-02,2.050000000000000086e-02,2.563999999999999960e-02,2.046999999999999861e-02,2.868000000000000063e-02,3.126000000000000306e-02,3.398000000000000326e-02,3.749000000000000249e-02,4.053999999999999965e-02,4.263000000000000123e-02,4.263999999999999735e-02,4.057000000000000189e-02,3.398999999999999938e-02,8.309999999999999679e-03,1.030999999999999972e-02,1.132999999999999979e-02,1.200999999999999984e-02,1.234000000000000027e-02,1.216000000000000067e-02,1.171999999999999952e-02,1.064999999999999974e-02,8.630000000000000518e-03,7.929999999999999549e-03,9.900000000000000813e-03,1.089000000000000037e-02,1.153000000000000032e-02,1.180999999999999932e-02,1.159999999999999920e-02,1.115999999999999978e-02,1.014999999999999930e-02,8.179999999999999771e-03,4.749999999999999882e-03,4.850000000000000144e-03,4.879999999999999789e-03,4.879999999999999789e-03,4.879999999999999789e-03,4.899999999999999842e-03,4.930000000000000354e-03,4.959999999999999999e-03,5.000000000000000104e-03,5.020000000000000157e-03,5.100000000000000366e-03,5.190000000000000169e-03,5.300000000000000024e-03,5.409999999999999878e-03,5.530000000000000193e-03,5.689999999999999745e-03,5.879999999999999810e-03,6.170000000000000137e-03,4.760000000000000342e-03,4.789999999999999987e-03,4.890000000000000249e-03,4.819999999999999632e-03,4.799999999999999580e-03,4.810000000000000039e-03,4.830000000000000092e-03,4.850000000000000144e-03,4.890000000000000249e-03,4.899999999999999842e-03,4.980000000000000052e-03,5.060000000000000261e-03,5.159999999999999656e-03,5.239999999999999866e-03,5.349999999999999721e-03,5.499999999999999681e-03,5.689999999999999745e-03,6.029999999999999770e-03
cd*c/cref,1.787444807222483140e-02,2.242902722992541620e-02,2.455201291115892762e-02,2.588406439400068454e-02,2.676129299270309583e-02,2.733285466856505072e-02,2.766523751355024624e-02,2.789333609461711397e-02,3.094603575646771507e-02,1.506064351934247036e-02,3.167359651819372929e-02,3.212853002087143195e-02,3.221648379633375303e-02,3.255707493487793036e-02,3.197555030983546126e-02,3.022728199880272276e-02,2.683687381688158388e-02,2.230145509408319390e-02,1.597610290905561101e-02,1.787444807222483140e-02,2.242902722992541620e-02,2.455201291115892762e-02,2.588406439400068454e-02,2.676129299270309583e-02,2.731627925639491111e-02,2.769547274580549251e-02,2.800261459058035751e-02,3.128771123011956506e-02,1.540686520944229559e-02,3.176219399097189588e-02,3.212853002087143195e-02,3.221648379633375303e-02,3.255707493487793036e-02,3.197555030983546126e-02,3.022728199880272276e-02,2.683687381688158388e-02,2.230145509408319390e-02,1.597610290905561101e-02,5.321938744802368233e-03,6.206309066934165806e-03,6.384611823903441237e-03,6.305954390279418058e-03,6.004676703286035769e-03,5.449463264678758821e-03,4.801583898263950961e-03,3.953657635866487247e-03,2.871886728040513436e-03,5.078576924943775661e-03,5.959501431876648887e-03,6.136665733654764025e-03,6.053926238128367124e-03,5.746777298687851150e-03,5.198501140647499193e-03,4.572156681282055039e-03,3.768039906483084279e-03,2.722135971653696397e-03,6.617360897632953293e-03,6.342053569983982161e-03,6.034913068099082185e-03,5.688547316646981600e-03,5.342181565194881014e-03,5.016286504764832371e-03,4.697083882084554171e-03,4.373622664099535533e-03,4.054006827705599995e-03,3.725067904929862690e-03,3.445105408772469388e-03,3.160582951769217580e-03,2.874937223939036304e-03,2.574649521898814131e-03,2.263817747180740022e-03,1.950735491125600790e-03,1.624646463992751762e-03,1.294250513695859766e-03,6.631292183733233925e-03,6.263595175303767436e-03,6.047279693238630585e-03,5.618606161114436844e-03,5.254604818224472944e-03,4.924150630187518890e-03,4.601808346950992876e-03,4.276627000177973814e-03,3.964818677496076763e-03,3.636022457003252120e-03,3.364044105036646543e-03,3.081416134094844186e-03,2.798995485948193446e-03,2.493745562800330114e-03,2.190131093565453671e-03,1.885596696167100980e-03,1.572149384373938393e-03,1.264883403174397580e-03
cdi,2.840000000000000076e-03,5.309999999999999616e-03,6.969999999999999633e-03,8.460000000000000506e-03,9.960000000000000103e-03,1.153000000000000032e-02,1.324999999999999963e-02,1.525999999999999926e-02,2.006000000000000144e-02,1.374000000000000048e-02,2.307000000000000023e-02,2.557999999999999857e-02,2.813999999999999835e-02,3.142999999999999960e-02,3.425999999999999879e-02,3.617000000000000076e-02,3.610000000000000014e-02,3.406000000000000000e-02,2.770999999999999852e-02,2.840000000000000076e-03,5.309999999999999616e-03,6.969999999999999633e-03,8.460000000000000506e-03,9.960000000000000103e-03,1.153000000000000032e-02,1.327000000000000055e-02,1.533999999999999947e-02,2.033000000000000085e-02,1.430000000000000021e-02,2.315000000000000044e-02,2.557999999999999857e-02,2.813999999999999835e-02,3.142999999999999960e-02,3.425999999999999879e-02,3.617000000000000076e-02,3.610000000000000014e-02,3.406000000000000000e-02,2.770999999999999852e-02,2.850000000000000103e-03,4.789999999999999987e-03,5.760000000000000363e-03,6.389999999999999847e-03,6.660000000000000121e-03,6.420000000000000359e-03,5.910000000000000323e-03,4.780000000000000394e-03,2.680000000000000090e-03,2.459999999999999947e-03,4.380000000000000213e-03,5.320000000000000076e-03,5.899999999999999863e-03,6.130000000000000032e-03,5.859999999999999758e-03,5.360000000000000181e-03,4.279999999999999950e-03,2.230000000000000211e-03,-2.000000000000000096e-04,-1.399999999999999877e-04,-1.399999999999999877e-04,-1.900000000000000105e-04,-2.200000000000000078e-04,-2.400000000000000061e-04,-2.599999999999999772e-04,-2.900000000000000017e-04,-2.999999999999999737e-04,-3.400000000000000244e-04,-3.299999999999999982e-04,-3.099999999999999999e-04,-2.799999999999999755e-04,-2.700000000000000035e-04,-2.599999999999999772e-04,-2.300000000000000070e-04,-2.100000000000000087e-04,-1.499999999999999869e-04,-1.900000000000000105e-04,-2.000000000000000096e-04,-1.399999999999999877e-04,-2.500000000000000052e-04,-3.099999999999999999e-04,-3.400000000000000244e-04,-3.699999999999999947e-04,-4.000000000000000192e-04,-4.299999999999999894e-04,-4.699999999999999859e-04,-4.600000000000000139e-04,-4.400000000000000157e-04,-4.299999999999999894e-04,-4.400000000000000157e-04,-4.499999999999999877e-04,-4.299999999999999894e-04,-4.099999999999999912e-04,-2.900000000000000017e-04
cdi*c/cref,6.777494329121297283e-03,1.189791554354684838e-02,1.460132508453734941e-02,1.648939644376850797e-02,1.796108343715113395e-02,1.911145023217435124e-02,2.003084136910058752e-02,2.084487310498810836e-02,2.447860714805766627e-02,1.034149135211222086e-02,2.554929621240312546e-02,2.629071650460304208e-02,2.667957192551005663e-02,2.729444825828789695e-02,2.702225835261378231e-02,2.564674618570712133e-02,2.272071165078389313e-02,1.872288786059831192e-02,1.302435456339896824e-02,6.777494329121297283e-03,1.189791554354684838e-02,1.460132508453734941e-02,1.648939644376850797e-02,1.796108343715113395e-02,1.911145023217435124e-02,2.006107660135583726e-02,2.095415160095134843e-02,2.480807992622195007e-02,1.076297862701635841e-02,2.563789368518128858e-02,2.629071650460304208e-02,2.667957192551005663e-02,2.729444825828789695e-02,2.702225835261378231e-02,2.564674618570712133e-02,2.272071165078389313e-02,1.872288786059831192e-02,1.302435456339896824e-02,1.825213648939440388e-03,2.883435541281731841e-03,3.245839726891775866e-03,3.355124775510863987e-03,3.240773650233792335e-03,2.877101493358357603e-03,2.421276522076787601e-03,1.774505492905334610e-03,8.918489491481548098e-04,1.575447570663516877e-03,2.636627906224214054e-03,2.997893636643098655e-03,3.097846036856666610e-03,2.982874245635607716e-03,2.626139369327098842e-03,2.195946219683854710e-03,1.588887763521931208e-03,7.420981927613377709e-04,-2.786257220055980591e-04,-1.830695875871664823e-04,-1.731327519536622010e-04,-2.214803258530587289e-04,-2.408360541686217055e-04,-2.456956655395020205e-04,-2.477163913472584032e-04,-2.557158412477551052e-04,-2.432404096623359911e-04,-2.522954357920624124e-04,-2.229185852735127149e-04,-1.887824113773521010e-04,-1.518834759816849297e-04,-1.284945232740628267e-04,-1.064362774443024180e-04,-7.885222547607877662e-05,-5.802308799974113725e-05,-3.146476127299496214e-05,-2.646944359053181859e-04,-2.615279822673807200e-04,-1.731327519536622010e-04,-2.914214813856035665e-04,-3.393598945103305678e-04,-3.480688595142945245e-04,-3.525194799941754596e-04,-3.527115051693174201e-04,-3.486445871826816052e-04,-3.487613377125568705e-04,-3.107349976539874273e-04,-2.679492290517255767e-04,-2.332496238290161566e-04,-2.093984823725468167e-04,-1.842166340382157146e-04,-1.474193780639733626e-04,-1.132831718090184073e-04,-6.083187179445693810e-05
cdo,4.649999999999999620e-03,4.700000000000000185e-03,4.749999999999999882e-03,4.810000000000000039e-03,4.879999999999999789e-03,4.959999999999999999e-03,5.049999999999999802e-03,5.159999999999999656e-03,5.300000000000000024e-03,6.270000000000000399e-03,5.530000000000000193e-03,5.680000000000000153e-03,5.839999999999999705e-03,6.060000000000000282e-03,6.279999999999999992e-03,6.459999999999999597e-03,6.539999999999999807e-03,6.510000000000000162e-03,6.279999999999999992e-03,4.649999999999999620e-03,4.700000000000000185e-03,4.749999999999999882e-03,4.810000000000000039e-03,4.879999999999999789e-03,4.959999999999999999e-03,5.049999999999999802e-03,5.159999999999999656e-03,5.300000000000000024e-03,6.170000000000000137e-03,5.530000000000000193e-03,5.680000000000000153e-03,5.839999999999999705e-03,6.060000000000000282e-03,6.279999999999999992e-03,6.459999999999999597e-03,6.539999999999999807e-03,6.510000000000000162e-03,6.279999999999999992e-03,5.459999999999999576e-03,5.519999999999999733e-03,5.570000000000000298e-03,5.629999999999999588e-03,5.689999999999999745e-03,5.740000000000000310e-03,5.810000000000000060e-03,5.870000000000000218e-03,5.950000000000000427e-03,5.459999999999999576e-03,5.510000000000000141e-03,5.570000000000000298e-03,5.619999999999999996e-03,5.680000000000000153e-03,5.740000000000000310e-03,5.799999999999999600e-03,5.870000000000000218e-03,5.939999999999999968e-03,4.950000000000000407e-03,4.989999999999999644e-03,5.029999999999999749e-03,5.060000000000000261e-03,5.100000000000000366e-03,5.150000000000000064e-03,5.190000000000000169e-03,5.250000000000000326e-03,5.300000000000000024e-03,5.360000000000000181e-03,5.429999999999999931e-03,5.499999999999999681e-03,5.579999999999999891e-03,5.669999999999999693e-03,5.790000000000000008e-03,5.919999999999999915e-03,6.089999999999999927e-03,6.320000000000000097e-03,4.950000000000000407e-03,4.989999999999999644e-03,5.020000000000000157e-03,5.060000000000000261e-03,5.109999999999999959e-03,5.150000000000000064e-03,5.199999999999999761e-03,5.250000000000000326e-03,5.309999999999999616e-03,5.369999999999999774e-03,5.440000000000000391e-03,5.510000000000000141e-03,5.590000000000000351e-03,5.689999999999999745e-03,5.799999999999999600e-03,5.930000000000000375e-03,6.100000000000000387e-03,6.329999999999999689e-03
cdo*c/cref,1.109695374310353151e-02,1.053111168637856782e-02,9.950687826621579940e-03,9.375176937887296294e-03,8.800209555551960147e-03,8.221404436390699483e-03,7.634396144449657855e-03,7.048462989629005609e-03,6.467428608410050531e-03,4.719152167230249509e-03,6.124300305790606434e-03,5.837813516268384670e-03,5.536911870823693800e-03,5.262626676590030812e-03,4.953291957221674612e-03,4.580535813095603162e-03,4.116162166097691623e-03,3.578567233484880247e-03,2.951748345656641029e-03,1.109695374310353151e-02,1.053111168637856782e-02,9.950687826621579940e-03,9.375176937887296294e-03,8.800209555551960147e-03,8.221404436390699483e-03,7.634396144449657855e-03,7.048462989629005609e-03,6.467428608410050531e-03,4.643886582425938922e-03,6.124300305790606434e-03,5.837813516268384670e-03,5.536911870823693800e-03,5.262626676590030812e-03,4.953291957221674612e-03,4.580535813095603162e-03,4.116162166097691623e-03,3.578567233484880247e-03,2.951748345656641029e-03,3.496725095862927846e-03,3.322873525652433966e-03,3.138772097011665371e-03,2.956080201271700080e-03,2.768769079554095867e-03,2.572361771320400784e-03,2.380307376187163360e-03,2.179152142961153504e-03,1.980037778892358626e-03,3.496725095862927846e-03,3.316853827236397254e-03,3.138772097011665371e-03,2.950829614768553637e-03,2.763903053052243434e-03,2.572361771320400784e-03,2.376210461598200763e-03,2.179152142961153504e-03,1.976709984305984914e-03,6.895986619638552056e-03,6.525123157571147831e-03,6.220412445192291702e-03,5.898370783244616736e-03,5.583017619363503208e-03,5.272219489701813686e-03,4.944800273431811978e-03,4.629338505347291126e-03,4.297247237367935770e-03,3.977363340721924885e-03,3.668023994045981669e-03,3.349365363146569654e-03,3.026820699920721152e-03,2.698384988755318792e-03,2.370254024625042481e-03,2.029587716601679703e-03,1.682669551992492865e-03,1.325715274968854640e-03,6.895986619638552056e-03,6.525123157571147831e-03,6.208045820052745037e-03,5.898370783244616736e-03,5.593964712734804216e-03,5.272219489701813686e-03,4.954327826945168281e-03,4.629338505347291126e-03,4.305355251023347367e-03,3.984783794715809208e-03,3.674779102690634187e-03,3.355455118352290884e-03,3.032245109777210144e-03,2.707903101590434635e-03,2.374347727603669331e-03,2.033016074231074749e-03,1.685432556182956841e-03,1.327812925720387545e-03
cl,3.209000000000000047e-02,6.031000000000000250e-02,7.920000000000000651e-02,9.632999999999999896e-02,1.133900000000000047e-01,1.313300000000000023e-01,1.510499999999999898e-01,1.739400000000000113e-01,2.288100000000000134e-01,1.565100000000000102e-01,2.632300000000000195e-01,2.918799999999999728e-01,3.210799999999999765e-01,3.587299999999999933e-01,3.910799999999999832e-01,4.128299999999999748e-01,4.120500000000000274e-01,3.887700000000000045e-01,3.161399999999999766e-01,3.209000000000000047e-02,6.031000000000000250e-02,7.920000000000000651e-02,9.632000000000000284e-02,1.133900000000000047e-01,1.313100000000000100e-01,1.512799999999999978e-01,1.748999999999999999e-01,2.319599999999999995e-01,1.628600000000000048e-01,2.640700000000000269e-01,2.918999999999999928e-01,3.210799999999999765e-01,3.587400000000000033e-01,3.910799999999999832e-01,4.128299999999999748e-01,4.120500000000000274e-01,3.887700000000000045e-01,3.161399999999999766e-01,3.209000000000000047e-02,5.428000000000000186e-02,6.536999999999999755e-02,7.249999999999999500e-02,7.560000000000000053e-02,7.288000000000000034e-02,6.704999999999999849e-02,5.410000000000000225e-02,3.013000000000000053e-02,2.768999999999999934e-02,4.963999999999999663e-02,6.029000000000000331e-02,6.697999999999999787e-02,6.954000000000000459e-02,6.646000000000000518e-02,6.074000000000000232e-02,4.846000000000000307e-02,2.498999999999999833e-02,-2.720000000000000195e-03,-2.040000000000000147e-03,-2.050000000000000173e-03,-2.579999999999999828e-03,-2.949999999999999931e-03,-3.229999999999999798e-03,-3.459999999999999968e-03,-3.729999999999999809e-03,-3.919999999999999873e-03,-4.380000000000000213e-03,-4.230000000000000253e-03,-4.000000000000000083e-03,-3.710000000000000190e-03,-3.559999999999999797e-03,-3.439999999999999915e-03,-3.099999999999999891e-03,-2.949999999999999931e-03,-2.269999999999999882e-03,-2.599999999999999881e-03,-2.739999999999999814e-03,-2.010000000000000068e-03,-3.259999999999999877e-03,-3.969999999999999571e-03,-4.360000000000000160e-03,-4.649999999999999620e-03,-5.069999999999999854e-03,-5.329999999999999669e-03,-5.890000000000000270e-03,-5.740000000000000310e-03,-5.559999999999999838e-03,-5.429999999999999931e-03,-5.550000000000000246e-03,-5.619999999999999996e-03,-5.409999999999999878e-03,-5.190000000000000169e-03,-3.889999999999999795e-03
cl*c/cref,7.658091303574030007e-02,1.351343288947854104e-01,1.659146264986166575e-01,1.877569219182293470e-01,2.044786396524665706e-01,2.176848880304819989e-01,2.283515916077467067e-01,2.375987698480754862e-01,2.792098754510007330e-01,1.177981667772258906e-01,2.915189094924522939e-01,2.999896142831718349e-01,3.044163807335739103e-01,3.115283940087692494e-01,3.084607354506770927e-01,2.927217646625786540e-01,2.593370979419807321e-01,2.137080773213390072e-01,1.485932678337405222e-01,7.658091303574030007e-02,1.351343288947854104e-01,1.659146264986166575e-01,1.877374309058844615e-01,2.044786396524665706e-01,2.176517372061417266e-01,2.286992967786820319e-01,2.389101117996343393e-01,2.830537245295840498e-01,1.225775314122995868e-01,2.924491829566230328e-01,3.000101699645671416e-01,3.044163807335739103e-01,3.115370782112058534e-01,3.084607354506770927e-01,2.927217646625786540e-01,2.593370979419807321e-01,2.137080773213390072e-01,1.485932678337405222e-01,2.055126526121636710e-02,3.267492300224893870e-02,3.683689981717280792e-02,3.806675214781496397e-02,3.678716035400521334e-02,3.266092785606808380e-02,2.746981231899299492e-02,2.008383831928422375e-02,1.002664508874399375e-02,1.773339155759056165e-02,2.988178293720775494e-02,3.397424950248353892e-02,3.516842839807788473e-02,3.383834829388257526e-02,2.978382636270972966e-02,2.488465921335771339e-02,1.799007033183943824e-02,8.316158671347904929e-03,-3.789309819276133733e-03,-2.667585419127283322e-03,-2.535158153607196870e-03,-3.007469687899428853e-03,-3.229392544533791088e-03,-3.306654165385797522e-03,-3.296533515621207985e-03,-3.289034785703884474e-03,-3.178341352921190428e-03,-3.250158849321274721e-03,-2.857410956687754088e-03,-2.435902082288414570e-03,-2.012456056757325543e-03,-1.694224084650606003e-03,-1.408233824647693502e-03,-1.062790865112365948e-03,-8.150862361868397481e-04,-4.761667205979904925e-04,-3.622134386072774388e-03,-3.582933357063115137e-03,-2.485691653049007608e-03,-3.800136117268270580e-03,-4.345996068406490949e-03,-4.463471257300953218e-03,-4.430312383710582891e-03,-4.470618328021098119e-03,-4.321571278334169694e-03,-4.370647402397787040e-03,-3.877432362030191083e-03,-3.385903894380895736e-03,-2.945454552073390169e-03,-2.641276311744624600e-03,-2.300661073988382981e-03,-1.854741477502548598e-03,-1.433999174850745248e-03,-8.159861423463360972e-04
cli,3.248999999999999805e-02,6.072000000000000314e-02,7.961000000000000021e-02,9.675000000000000266e-02,1.138200000000000045e-01,1.317699999999999982e-01,1.514999999999999958e-01,1.743899999999999895e-01,2.292700000000000016e-01,1.570499999999999952e-01,2.637100000000000000e-01,2.923799999999999732e-01,3.215899999999999870e-01,3.592699999999999783e-01,3.916299999999999781e-01,4.133999999999999897e-01,4.126199999999999868e-01,3.893400000000000194e-01,3.166900000000000270e-01,3.248999999999999805e-02,6.072000000000000314e-02,7.961000000000000021e-02,9.675000000000000266e-02,1.138099999999999945e-01,1.317399999999999960e-01,1.517199999999999938e-01,1.753500000000000059e-01,2.324299999999999977e-01,1.633999999999999897e-01,2.645500000000000074e-01,2.923999999999999932e-01,3.215899999999999870e-01,3.592699999999999783e-01,3.916299999999999781e-01,4.133999999999999897e-01,4.126199999999999868e-01,3.893400000000000194e-01,3.166900000000000270e-01,3.257000000000000173e-02,5.476000000000000312e-02,6.586000000000000187e-02,7.298999999999999932e-02,7.610000000000000098e-02,7.338000000000000078e-02,6.754999999999999893e-02,5.460999999999999882e-02,3.065000000000000016e-02,2.817000000000000060e-02,5.011999999999999789e-02,6.078000000000000069e-02,6.747000000000000219e-02,7.002999999999999503e-02,6.696000000000000563e-02,6.124999999999999889e-02,4.896999999999999964e-02,2.551000000000000142e-02,-2.299999999999999961e-03,-1.600000000000000077e-03,-1.610000000000000103e-03,-2.129999999999999949e-03,-2.500000000000000052e-03,-2.779999999999999919e-03,-3.000000000000000062e-03,-3.269999999999999903e-03,-3.459999999999999968e-03,-3.910000000000000281e-03,-3.759999999999999887e-03,-3.520000000000000125e-03,-3.229999999999999798e-03,-3.059999999999999786e-03,-2.929999999999999879e-03,-2.589999999999999854e-03,-2.419999999999999842e-03,-1.719999999999999958e-03,-2.190000000000000106e-03,-2.299999999999999961e-03,-1.569999999999999998e-03,-2.820000000000000024e-03,-3.520000000000000125e-03,-3.910000000000000281e-03,-4.199999999999999740e-03,-4.610000000000000382e-03,-4.870000000000000197e-03,-5.420000000000000338e-03,-5.259999999999999919e-03,-5.080000000000000314e-03,-4.939999999999999947e-03,-5.049999999999999802e-03,-5.109999999999999959e-03,-4.890000000000000249e-03,-4.660000000000000080e-03,-3.340000000000000087e-03
cli*c/cref,7.753548970181370348e-02,1.360530003397673604e-01,1.667735279741776877e-01,1.885755444367143152e-01,2.052540679534680668e-01,2.184142061659682665e-01,2.290318843334897547e-01,2.382134613878686691e-01,2.797711994434287086e-01,1.182046009351691573e-01,2.920504943291212796e-01,3.005035063180546140e-01,3.048999124209232359e-01,3.119973409403465348e-01,3.088945428673127713e-01,2.931259295872635784e-01,2.596958460206773012e-01,2.140214080929344620e-01,1.488517808257964481e-01,7.753548970181370348e-02,1.360530003397673604e-01,1.667735279741776877e-01,1.885755444367143152e-01,2.052360347371657012e-01,2.183644799294578165e-01,2.293644718882974498e-01,2.395248033394275777e-01,2.836272512174996541e-01,1.229839655702428536e-01,2.929807677932920185e-01,3.005240619994499207e-01,3.048999124209232359e-01,3.119973409403465348e-01,3.088945428673127713e-01,2.931259295872635784e-01,2.596958460206773012e-01,2.140214080929344620e-01,1.488517808257964481e-01,2.085866966524827296e-02,3.296386852621871477e-02,3.711302159949519952e-02,3.832403088646916395e-02,3.703046167909784109e-02,3.288500118109599635e-02,2.767465804844111352e-02,2.027316840325529487e-02,1.019969040723542678e-02,1.804079596162247098e-02,3.017072846117753449e-02,3.425037128480592358e-02,3.542570713673208471e-02,3.407678359247334060e-02,3.000789968773763874e-02,2.509360185739479415e-02,1.817940041581050589e-02,8.489203989839339687e-03,-3.204195803064377544e-03,-2.092223858139045760e-03,-1.991026647467115419e-03,-2.482911021405342315e-03,-2.736773342825246560e-03,-2.845974792499231416e-03,-2.858266054006828021e-03,-2.883416554759169782e-03,-2.805372724772275169e-03,-2.901397511608718068e-03,-2.539920850389114360e-03,-2.143593832413804613e-03,-1.752084383645865400e-03,-1.456271263772711873e-03,-1.199454972737715652e-03,-8.879446260132348428e-04,-6.686470140922548934e-04,-3.607959292636756291e-04,-3.050951655961298831e-03,-3.007571796074878009e-03,-1.941560146908926157e-03,-3.287234310029608312e-03,-3.853376866697947288e-03,-4.002791884414386679e-03,-4.001572475609558796e-03,-4.065000097076383427e-03,-3.948602650185254435e-03,-4.021886064685230820e-03,-3.553187147086899703e-03,-3.093595644506286213e-03,-2.679658469105441251e-03,-2.403323490866730253e-03,-2.091882222078405348e-03,-1.676466880774022663e-03,-1.287559952756160394e-03,-7.006153510120213422e-04
clo,-4.099999999999999912e-04,-4.099999999999999912e-04,-4.200000000000000174e-04,-4.200000000000000174e-04,-4.299999999999999894e-04,-4.299999999999999894e-04,-4.400000000000000157e-04,-4.499999999999999877e-04,-4.600000000000000139e-04,-5.500000000000000331e-04,-4.800000000000000122e-04,-5.000000000000000104e-04,-5.100000000000000366e-04,-5.299999999999999807e-04,-5.500000000000000331e-04,-5.699999999999999772e-04,-5.699999999999999772e-04,-5.699999999999999772e-04,-5.500000000000000331e-04,-4.099999999999999912e-04,-4.099999999999999912e-04,-4.200000000000000174e-04,-4.200000000000000174e-04,-4.299999999999999894e-04,-4.299999999999999894e-04,-4.400000000000000157e-04,-4.499999999999999877e-04,-4.600000000000000139e-04,-5.400000000000000069e-04,-4.800000000000000122e-04,-5.000000000000000104e-04,-5.100000000000000366e-04,-5.299999999999999807e-04,-5.500000000000000331e-04,-5.699999999999999772e-04,-5.699999999999999772e-04,-5.699999999999999772e-04,-5.500000000000000331e-04,-4.800000000000000122e-04,-4.800000000000000122e-04,-4.899999999999999842e-04,-4.899999999999999842e-04,-5.000000000000000104e-04,-5.000000000000000104e-04,-5.100000000000000366e-04,-5.100000000000000366e-04,-5.199999999999999544e-04,-4.800000000000000122e-04,-4.800000000000000122e-04,-4.899999999999999842e-04,-4.899999999999999842e-04,-5.000000000000000104e-04,-5.000000000000000104e-04,-5.100000000000000366e-04,-5.100000000000000366e-04,-5.199999999999999544e-04,-4.200000000000000174e-04,-4.400000000000000157e-04,-4.400000000000000157e-04,-4.400000000000000157e-04,-4.499999999999999877e-04,-4.499999999999999877e-04,-4.499999999999999877e-04,-4.600000000000000139e-04,-4.600000000000000139e-04,-4.699999999999999859e-04,-4.699999999999999859e-04,-4.800000000000000122e-04,-4.899999999999999842e-04,-5.000000000000000104e-04,-5.100000000000000366e-04,-5.199999999999999544e-04,-5.299999999999999807e-04,-5.500000000000000331e-04,-4.200000000000000174e-04,-4.400000000000000157e-04,-4.400000000000000157e-04,-4.400000000000000157e-04,-4.499999999999999877e-04,-4.499999999999999877e-04,-4.499999999999999877e-04,-4.600000000000000139e-04,-4.600000000000000139e-04,-4.699999999999999859e-04,-4.800000000000000122e-04,-4.800000000000000122e-04,-4.899999999999999842e-04,-5.000000000000000104e-04,-5.100000000000000366e-04,-5.199999999999999544e-04,-5.299999999999999807e-04,-5.500000000000000331e-04
clo*c/cref,-9.784410827252576666e-04,-9.186714449819600526e-04,-8.798502920381186775e-04,-8.186225184849614230e-04,-7.754283010015047438e-04,-7.127427233161292555e-04,-6.651751096154157571e-04,-6.146915397932272611e-04,-5.613239924280421633e-04,-4.139607164237060592e-04,-5.315848366689857052e-04,-5.138920348827803177e-04,-4.835316873493294607e-04,-4.602627291407122368e-04,-4.338074166356562346e-04,-4.041649246849062156e-04,-3.587480786965878085e-04,-3.133307715954503038e-04,-2.585129920559160613e-04,-9.784410827252576666e-04,-9.186714449819600526e-04,-8.798502920381186775e-04,-8.186225184849614230e-04,-7.754283010015047438e-04,-7.127427233161292555e-04,-6.651751096154157571e-04,-6.146915397932272611e-04,-5.613239924280421633e-04,-4.064341579432750548e-04,-5.315848366689857052e-04,-5.138920348827803177e-04,-4.835316873493294607e-04,-4.602627291407122368e-04,-4.338074166356562346e-04,-4.041649246849062156e-04,-3.587480786965878085e-04,-3.133307715954503038e-04,-2.585129920559160613e-04,-3.074044040319057506e-04,-2.889455239697768878e-04,-2.761217823223906199e-04,-2.572787386541977020e-04,-2.433013250926270739e-04,-2.240733250279094882e-04,-2.089426440370832053e-04,-1.893300839710712581e-04,-1.730453184914329957e-04,-3.074044040319057506e-04,-2.889455239697768878e-04,-2.761217823223906199e-04,-2.572787386541977020e-04,-2.433013250926270739e-04,-2.240733250279094882e-04,-2.089426440370832053e-04,-1.893300839710712581e-04,-1.730453184914329957e-04,-5.851140162117559728e-04,-5.753615609882375623e-04,-5.441315061400812340e-04,-5.129018072386623767e-04,-4.926192017085444198e-04,-4.606793728865662138e-04,-4.287399081010241490e-04,-4.056182309447150169e-04,-3.729686281489152043e-04,-3.487613377125568705e-04,-3.174901062986392949e-04,-2.923082498746097397e-04,-2.657960829679486474e-04,-2.379528208778941025e-04,-2.087788519099778497e-04,-1.782745967285259074e-04,-1.464392220945847734e-04,-1.153707913343148905e-04,-5.851140162117559728e-04,-5.753615609882375623e-04,-5.441315061400812340e-04,-5.129018072386623767e-04,-4.926192017085444198e-04,-4.606793728865662138e-04,-4.287399081010241490e-04,-4.056182309447150169e-04,-3.729686281489152043e-04,-3.487613377125568705e-04,-3.242452149432912168e-04,-2.923082498746097397e-04,-2.657960829679486474e-04,-2.379528208778941025e-04,-2.087788519099778497e-04,-1.782745967285259074e-04,-1.464392220945847734e-04,-1.153707913343148905e-04
cmx,1.430000000000000064e-03,3.910000000000000281e-03,7.119999999999999593e-03,1.145000000000000011e-02,1.728000000000000022e-02,2.519000000000000059e-02,3.608000000000000096e-02,5.147999999999999798e-02,8.357000000000000539e-02,9.699000000000000676e-02,1.247000000000000053e-01,1.807300000000000018e-01,2.533099999999999796e-01,3.550800000000000067e-01,4.815300000000000136e-01,6.304400000000000004e-01,7.820399999999999574e-01,9.238600000000000145e-01,9.544500000000000206e-01,-1.430000000000000064e-03,-3.910000000000000281e-03,-7.119999999999999593e-03,-1.145000000000000011e-02,-1.728000000000000022e-02,-2.519000000000000059e-02,-3.613000000000000239e-02,-5.176000000000000045e-02,-8.473999999999999588e-02,-1.008899999999999936e-01,-1.250699999999999867e-01,-1.807400000000000118e-01,-2.533099999999999796e-01,-3.550800000000000067e-01,-4.815300000000000136e-01,-6.304400000000000004e-01,-7.820399999999999574e-01,-9.238600000000000145e-01,-9.544500000000000206e-01,2.598999999999999921e-02,5.133000000000000063e-02,7.253999999999999337e-02,9.415999999999999370e-02,1.147799999999999931e-01,1.294599999999999917e-01,1.396999999999999909e-01,1.329500000000000126e-01,8.817999999999999450e-02,-2.256000000000000019e-02,-4.698999999999999705e-02,-6.694999999999999563e-02,-8.704000000000000625e-02,-1.056399999999999978e-01,-1.181399999999999950e-01,-1.266599999999999948e-01,-1.192200000000000065e-01,-7.337000000000000466e-02,-9.600000000000000243e-04,-9.600000000000000243e-04,-1.289999999999999914e-03,-2.220000000000000185e-03,-3.249999999999999851e-03,-4.449999999999999963e-03,-5.839999999999999705e-03,-7.669999999999999735e-03,-9.740000000000000394e-03,-1.414999999999999938e-02,-1.830999999999999989e-02,-2.248999999999999957e-02,-2.673000000000000029e-02,-3.275999999999999746e-02,-4.084000000000000130e-02,-4.750999999999999668e-02,-6.042000000000000148e-02,-6.090999999999999887e-02,9.600000000000000243e-04,1.340000000000000045e-03,1.250000000000000026e-03,2.919999999999999853e-03,4.590000000000000330e-03,6.259999999999999939e-03,8.170000000000000179e-03,1.081000000000000016e-02,1.370999999999999996e-02,1.964000000000000121e-02,2.563000000000000000e-02,3.246000000000000274e-02,4.096000000000000335e-02,5.412999999999999756e-02,7.116999999999999715e-02,8.984000000000000319e-02,1.164199999999999957e-01,1.184400000000000036e-01
cmx*c/cref,3.412611581212484247e-03,8.760988658242594915e-03,1.491555733169381941e-02,2.231720913488763683e-02,3.116139777047907330e-02,4.175346325658906010e-02,5.454435898846409642e-02,7.032071215234519945e-02,1.019779261895901873e-01,7.300009070170046521e-02,1.381013106929635803e-01,1.857514149287297911e-01,2.401635523969777031e-01,3.083586601194039933e-01,3.798023369683046213e-01,4.470205879269338323e-01,4.922023639717184595e-01,5.078487134143381265e-01,4.486140459413982540e-01,-3.412611581212484247e-03,-8.760988658242594915e-03,-1.491555733169381941e-02,-2.231720913488763683e-02,-3.116139777047907330e-02,-4.175346325658906010e-02,-5.461994706910221209e-02,-7.070318688821654318e-02,-1.034056415616354113e-01,-7.593544850906855381e-02,-1.385110740045625566e-01,-1.857616927694274445e-01,-2.401635523969777031e-01,-3.083586601194039933e-01,-3.798023369683046213e-01,-4.470205879269338323e-01,-4.922023639717184595e-01,-5.078487134143381265e-01,-4.486140459413982540e-01,1.664466762664423144e-02,3.089911196951801442e-02,4.087729406054330106e-02,4.943952251363113726e-02,5.585225218826346538e-02,5.801706531622631557e-02,5.723389680780494038e-02,4.935575424304691067e-02,2.934449266264338788e-02,-1.444800698949957017e-02,-2.828656285695794678e-02,-3.772725168670214985e-02,-4.570110492339055086e-02,-5.140470396557024479e-02,-5.294404523759444620e-02,-5.189152018379795256e-02,-4.425869139417865777e-02,-2.441602888022392434e-02,-1.337403465626870640e-03,-1.255334314883427369e-03,-1.595294643001601538e-03,-2.587822754704159883e-03,-3.557805345672820484e-03,-4.555607131878265832e-03,-5.564091251799957796e-03,-6.763243111621661079e-03,-7.897205300370508871e-03,-1.049994240134612643e-02,-1.236860392835762920e-02,-1.369585945766660894e-02,-1.449944754639442314e-02,-1.559066882391962026e-02,-1.671868296471273538e-02,-1.628812709725435681e-02,-1.669407131878266476e-02,-1.277679072758748993e-02,1.337403465626870640e-03,1.752237481191450640e-03,1.545828142443412493e-03,3.403802902583849717e-03,5.024715857427153494e-03,6.408561942822010686e-03,7.784011220411927827e-03,9.532028427200802193e-03,1.111608672156875512e-02,1.457377164398854751e-02,1.731334345624281970e-02,1.976734539777048535e-02,2.221838277217791369e-02,2.576077238824081572e-02,2.913488409888847358e-02,3.080036494248224871e-02,3.216689478538029695e-02,2.484457550115682853e-02
cmxi,1.430000000000000064e-03,3.910000000000000281e-03,7.119999999999999593e-03,1.145000000000000011e-02,1.728000000000000022e-02,2.519000000000000059e-02,3.608000000000000096e-02,5.147999999999999798e-02,8.357000000000000539e-02,9.699000000000000676e-02,1.247000000000000053e-01,1.807300000000000018e-01,2.533099999999999796e-01,3.550800000000000067e-01,4.815300000000000136e-01,6.304400000000000004e-01,7.820399999999999574e-01,9.238600000000000145e-01,9.544500000000000206e-01,-1.430000000000000064e-03,-3.910000000000000281e-03,-7.119999999999999593e-03,-1.145000000000000011e-02,-1.728000000000000022e-02,-2.519000000000000059e-02,-3.613000000000000239e-02,-5.176000000000000045e-02,-8.473999999999999588e-02,-1.008899999999999936e-01,-1.250699999999999867e-01,-1.807400000000000118e-01,-2.533099999999999796e-01,-3.550800000000000067e-01,-4.815300000000000136e-01,-6.304400000000000004e-01,-7.820399999999999574e-01,-9.238600000000000145e-01,-9.544500000000000206e-01,2.598999999999999921e-02,5.133000000000000063e-02,7.253999999999999337e-02,9.415999999999999370e-02,1.147799999999999931e-01,1.294599999999999917e-01,1.396999999999999909e-01,1.329500000000000126e-01,8.817999999999999450e-02,-2.256000000000000019e-02,-4.698999999999999705e-02,-6.694999999999999563e-02,-8.704000000000000625e-02,-1.056399999999999978e-01,-1.181399999999999950e-01,-1.266599999999999948e-01,-1.192200000000000065e-01,-7.337000000000000466e-02,-9.600000000000000243e-04,-9.600000000000000243e-04,-1.289999999999999914e-03,-2.220000000000000185e-03,-3.249999999999999851e-03,-4.449999999999999963e-03,-5.839999999999999705e-03,-7.669999999999999735e-03,-9.740000000000000394e-03,-1.414999999999999938e-02,-1.830999999999999989e-02,-2.248999999999999957e-02,-2.673000000000000029e-02,-3.275999999999999746e-02,-4.084000000000000130e-02,-4.750999999999999668e-02,-6.042000000000000148e-02,-6.090999999999999887e-02,9.700000000000000505e-04,1.340000000000000045e-03,1.250000000000000026e-03,2.919999999999999853e-03,4.590000000000000330e-03,6.259999999999999939e-03,8.170000000000000179e-03,1.081000000000000016e-02,1.370999999999999996e-02,1.964000000000000121e-02,2.563000000000000000e-02,3.246000000000000274e-02,4.096000000000000335e-02,5.412999999999999756e-02,7.116999999999999715e-02,8.984000000000000319e-02,1.164199999999999957e-01,1.184400000000000036e-01
cmxi*c/cref,3.412611581212484247e-03,8.760988658242594915e-03,1.491555733169381941e-02,2.231720913488763683e-02,3.116139777047907330e-02,4.175346325658906010e-02,5.454435898846409642e-02,7.032071215234519945e-02,1.019779261895901873e-01,7.300009070170046521e-02,1.381013106929635803e-01,1.857514149287297911e-01,2.401635523969777031e-01,3.083586601194039933e-01,3.798023369683046213e-01,4.470205879269338323e-01,4.922023639717184595e-01,5.078487134143381265e-01,4.486140459413982540e-01,-3.412611581212484247e-03,-8.760988658242594915e-03,-1.491555733169381941e-02,-2.231720913488763683e-02,-3.116139777047907330e-02,-4.175346325658906010e-02,-5.461994706910221209e-02,-7.070318688821654318e-02,-1.034056415616354113e-01,-7.593544850906855381e-02,-1.385110740045625566e-01,-1.857616927694274445e-01,-2.401635523969777031e-01,-3.083586601194039933e-01,-3.798023369683046213e-01,-4.470205879269338323e-01,-4.922023639717184595e-01,-5.078487134143381265e-01,-4.486140459413982540e-01,1.664466762664423144e-02,3.089911196951801442e-02,4.087729406054330106e-02,4.943952251363113726e-02,5.585225218826346538e-02,5.801706531622631557e-02,5.723389680780494038e-02,4.935575424304691067e-02,2.934449266264338788e-02,-1.444800698949957017e-02,-2.828656285695794678e-02,-3.772725168670214985e-02,-4.570110492339055086e-02,-5.140470396557024479e-02,-5.294404523759444620e-02,-5.189152018379795256e-02,-4.425869139417865777e-02,-2.441602888022392434e-02,-1.337403465626870640e-03,-1.255334314883427369e-03,-1.595294643001601538e-03,-2.587822754704159883e-03,-3.557805345672820484e-03,-4.555607131878265832e-03,-5.564091251799957796e-03,-6.763243111621661079e-03,-7.897205300370508871e-03,-1.049994240134612643e-02,-1.236860392835762920e-02,-1.369585945766660894e-02,-1.449944754639442314e-02,-1.559066882391962026e-02,-1.671868296471273538e-02,-1.628812709725435681e-02,-1.669407131878266476e-02,-1.277679072758748993e-02,1.351334751727150622e-03,1.752237481191450640e-03,1.545828142443412493e-03,3.403802902583849717e-03,5.024715857427153494e-03,6.408561942822010686e-03,7.784011220411927827e-03,9.532028427200802193e-03,1.111608672156875512e-02,1.457377164398854751e-02,1.731334345624281970e-02,1.976734539777048535e-02,2.221838277217791369e-02,2.576077238824081572e-02,2.913488409888847358e-02,3.080036494248224871e-02,3.216689478538029695e-02,2.484457550115682853e-02
cmxo,0.000000000000000000e+00,0.000000000000000000e+00,0.000000000000000000e+00,0.000000000000000000e+00,0.000000000000000000e+00,0.000000000000000000e+00,0.000000000000000000e+00,0.000000000000000000e+00,0.000000000000000000e+00,0.000000000000000000e+00,0.000000000000000000e+00,0.000000000000000000e+00,0.000000000000000000e+00,0.000000000000000000e+00,0.000000000000000000e+00,0.000000000000000000e+00,0.000000000000000000e+00,0.000000000000000000e+00,0.000000000000000000e+00,-0.000000000000000000e+00,-0.000000000000000000e+00,-0.000000000000000000e+00,-0.000000000000000000e+00,-0.000000000000000000e+00,-0.000000000000000000e+00,-0.000000000000000000e+00,-0.000000000000000000e+00,-0.000000000000000000e+00,-0.000000000000000000e+00,-0.000000000000000000e+00,-0.000000000000000000e+00,0.000000000000000000e+00,0.000000000000000000e+00,0.000000000000000000e+00,0.000000000000000000e+00,0.000000000000000000e+00,0.000000000000000000e+00,0.000000000000000000e+00,0.000000000000000000e+00,0.000000000000000000e+00,0.000000000000000000e+00,0.000000000000000000e+00,0.000000000000000000e+00,0.000000000000000000e+00,0.000000000000000000e+00,0.000000000000000000e+00,0.000000000000000000e+00,-0.000000000000000000e+00,-0.000000000000000000e+00,0.000000000000000000e+00,0.000000000000000000e+00,0.000000000000000000e+00,0.000000000000000000e+00,0.000000000000000000e+00,0.000000000000000000e+00,0.000000000000000000e+00,1.000000000000000082e-05,0.000000000000000000e+00,0.000000000000000000e+00,0.000000000000000000e+00,0.000000000000000000e+00,0.000000000000000000e+00,0.000000000000000000e+00,0.000000000000000000e+00,0.000000000000000000e+00,0.000000000000000000e+00,0.000000000000000000e+00,0.000000000000000000e+00,0.000000000000000000e+00,0.000000000000000000e+00,0.000000000000000000e+00,0.000000000000000000e+00,0.000000000000000000e+00,0.000000000000000000e+00,-1.000000000000000082e-05,-0.000000000000000000e+00,-0.000000000000000000e+00,-0.000000000000000000e+00,-0.000000000000000000e+00,-0.000000000000000000e+00,-0.000000000000000000e+00,-0.000000000000000000e+00,-0.000000000000000000e+00,-0.000000000000000000e+00,-0.000000000000000000e+00,-0.000000000000000000e+00,-0.000000000000000000e+00,-0.000000000000000000e+00,-0.000000000000000000e+00,-0.000000000000000000e+00,-0.000000000000000000e+00,-0.000000000000000000e+00
cmxo*c/cref,0.000000000000000000e+00,0.000000000000000000e+00,0.000000000000000000e+00,0.000000000000000000e+00,0.000000000000000000e+00,0.000000000000000000e+00,0.000000000000000000e+00,0.000000000000000000e+00,0.000000000000000000e+00,0.000000000000000000e+00,0.000000000000000000e+00,0.000000000000000000e+00,0.000000000000000000e+00,0.000000000000000000e+00,0.000000000000000000e+00,0.000000000000000000e+00,0.000000000000000000e+00,0.000000000000000000e+00,0.000000000000000000e+00,-0.000000000000000000e+00,-0.000000000000000000e+00,-0.000000000000000000e+00,-0.000000000000000000e+00,-0.000000000000000000e+00,-0.000000000000000000e+00,-0.000000000000000000e+00,-0.000000000000000000e+00,-0.000000000000000000e+00,-0.000000000000000000e+00,-0.000000000000000000e+00,-0.000000000000000000e+00,0.000000000000000000e+00,0.000000000000000000e+00,0.000000000000000000e+00,0.000000000000000000e+00,0.000000000000000000e+00,0.000000000000000000e+00,0.000000000000000000e+00,0.000000000000000000e+00,0.000000000000000000e+00,0.000000000000000000e+00,0.000000000000000000e+00,0.000000000000000000e+00,0.000000000000000000e+00,0.000000000000000000e+00,0.000000000000000000e+00,0.000000000000000000e+00,-0.000000000000000000e+00,-0.000000000000000000e+00,0.000000000000000000e+00,0.000000000000000000e+00,0.000000000000000000e+00,0.000000000000000000e+00,0.000000000000000000e+00,0.000000000000000000e+00,0.000000000000000000e+00,1.393128610027990363e-05,0.000000000000000000e+00,0.000000000000000000e+00,0.000000000000000000e+00,0.000000000000000000e+00,0.000000000000000000e+00,0.000000000000000000e+00,0.000000000000000000e+00,0.000000000000000000e+00,0.000000000000000000e+00,0.000000000000000000e+00,0.000000000000000000e+00,0.000000000000000000e+00,0.000000000000000000e+00,0.000000000000000000e+00,0.000000000000000000e+00,0.000000000000000000e+00,0.000000000000000000e+00,-1.393128610027990363e-05,-0.000000000000000000e+00,-0.000000000000000000e+00,-0.000000000000000000e+00,-0.000000000000000000e+00,-0.000000000000000000e+00,-0.000000000000000000e+00,-0.000000000000000000e+00,-0.000000000000000000e+00,-0.000000000000000000e+00,-0.000000000000000000e+00,-0.000000000000000000e+00,-0.000000000000000000e+00,-0.000000000000000000e+00,-0.000000000000000000e+00,-0.000000000000000000e+00,-0.000000000000000000e+00,-0.000000000000000000e+00
cmy,-4.049999999999999781e-03,-1.289000000000000042e-02,-2.076000000000000068e-02,-3.013000000000000053e-02,-4.195000000000000118e-02,-5.722000000000000003e-02,-7.735000000000000209e-02,-1.050299999999999984e-01,-1.574200000000000044e-01,-2.603300000000000058e-01,-2.306199999999999917e-01,-2.920099999999999918e-01,-3.691200000000000037e-01,-4.805699999999999972e-01,-6.078799999999999759e-01,-7.436000000000000387e-01,-8.601299999999999502e-01,-9.589199999999999946e-01,-9.430100000000000149e-01,-4.049999999999999781e-03,-1.289000000000000042e-02,-2.076000000000000068e-02,-3.013000000000000053e-02,-4.193999999999999811e-02,-5.720000000000000084e-02,-7.759000000000000619e-02,-1.061600000000000044e-01,-1.615399999999999892e-01,-2.743900000000000228e-01,-2.318500000000000005e-01,-2.920400000000000218e-01,-3.691300000000000137e-01,-4.805699999999999972e-01,-6.078900000000000414e-01,-7.436000000000000387e-01,-8.601299999999999502e-01,-9.589199999999999946e-01,-9.430100000000000149e-01,-1.026200000000000029e-01,-1.927999999999999992e-01,-2.565600000000000103e-01,-3.136099999999999999e-01,-3.613700000000000245e-01,-3.852400000000000269e-01,-3.961600000000000121e-01,-3.580800000000000094e-01,-2.219099999999999961e-01,-8.787000000000000366e-02,-1.760799999999999865e-01,-2.365200000000000080e-01,-2.894599999999999951e-01,-3.313599999999999879e-01,-3.493499999999999939e-01,-3.566099999999999826e-01,-3.182300000000000129e-01,-1.799300000000000066e-01,2.809999999999999998e-03,1.569999999999999998e-03,1.610000000000000103e-03,2.650000000000000012e-03,3.609999999999999928e-03,4.570000000000000277e-03,5.570000000000000298e-03,6.839999999999999726e-03,8.160000000000000586e-03,1.037000000000000074e-02,1.166000000000000023e-02,1.301000000000000073e-02,1.451000000000000033e-02,1.713999999999999899e-02,2.092000000000000109e-02,2.471999999999999892e-02,3.212000000000000272e-02,3.878999999999999809e-02,2.729999999999999788e-03,2.449999999999999921e-03,1.190000000000000085e-03,3.559999999999999797e-03,5.270000000000000379e-03,6.570000000000000319e-03,7.860000000000000667e-03,9.669999999999999776e-03,1.145000000000000011e-02,1.426999999999999970e-02,1.595999999999999849e-02,1.803000000000000089e-02,2.088999999999999885e-02,2.582999999999999879e-02,3.216999999999999721e-02,3.916000000000000036e-02,4.972000000000000031e-02,5.555000000000000215e-02
cmy*c/cref,-9.665088743993398637e-03,-2.888213396540845190e-02,-4.348974300645557650e-02,-5.872642019512353678e-02,-7.564934238840261005e-02,-9.484450843755561078e-02,-1.169347607471645789e-01,-1.434690053877392402e-01,-1.920948323652660605e-01,-1.959388969210607290e-01,-2.554043646512530463e-01,-3.001232262122413563e-01,-3.499631694791852654e-01,-4.173367164965133824e-01,-4.794597316808775767e-01,-5.272579613959583744e-01,-5.413508507531509251e-01,-5.271213043829986455e-01,-4.432369757066352278e-01,-9.665088743993398637e-03,-2.888213396540845190e-02,-4.348974300645557650e-02,-5.872642019512353678e-02,-7.563130917210024451e-02,-9.481135761321533850e-02,-1.172975835342275341e-01,-1.450125641432200296e-01,-1.971223429061433052e-01,-2.065212381445467593e-01,-2.567665507952173742e-01,-3.001540597343343442e-01,-3.499726504926626847e-01,-4.173367164965133824e-01,-4.794676190884528122e-01,-5.272579613959583744e-01,-5.413508507531509251e-01,-5.271213043829986455e-01,-4.432369757066352278e-01,-6.572049987865452580e-02,-1.160597854611937069e-01,-1.445751111686378598e-01,-1.646636433251896792e-01,-1.758435996974452853e-01,-1.726440154675037142e-01,-1.623033683563350482e-01,-1.329319930752180245e-01,-7.384708966621904291e-02,-5.627421871309074702e-02,-1.059948497095798137e-01,-1.332822937854935552e-01,-1.519834769200899549e-01,-1.612406541653857994e-01,-1.565600321970003483e-01,-1.461000711569886978e-01,-1.181382600433607960e-01,-5.987700799262220264e-02,3.914691394178652917e-03,2.052994660798938397e-03,1.991026647467115419e-03,3.089067702687397880e-03,3.951900707039656367e-03,4.678454964648017141e-03,5.306847306939343686e-03,6.031366738395327332e-03,6.616139142815539824e-03,7.695010791657903686e-03,7.876456679664115348e-03,7.922771522643068040e-03,7.870818701765173661e-03,8.157022699694208706e-03,8.564026631287718905e-03,8.474900059863770679e-03,8.874769459769929827e-03,8.136787265196497934e-03,3.803241105376413064e-03,3.203717782775413522e-03,1.471628391606128817e-03,4.149841894930995229e-03,5.769118206675620357e-03,6.725918844143867655e-03,7.488657061497889372e-03,8.526800637468247637e-03,9.283675635445824345e-03,1.058898784927273656e-02,1.078115339686443186e-02,1.097982863591502774e-02,1.133159219020499382e-02,1.229264272655200899e-02,1.316944248224310998e-02,1.342544847670975976e-02,1.373765683498632921e-02,1.165244992476580435e-02
cmyi,-4.109999999999999938e-03,-1.294999999999999971e-02,-2.083000000000000129e-02,-3.019000000000000156e-02,-4.200999999999999873e-02,-5.729000000000000065e-02,-7.741000000000000658e-02,-1.050900000000000029e-01,-1.574800000000000089e-01,-2.604400000000000048e-01,-2.306699999999999862e-01,-2.920300000000000118e-01,-3.691099999999999937e-01,-4.805200000000000027e-01,-6.077799999999999869e-01,-7.434199999999999697e-01,-8.598799999999999777e-01,-9.585599999999999676e-01,-9.425200000000000244e-01,-4.109999999999999938e-03,-1.294999999999999971e-02,-2.083000000000000129e-02,-3.019000000000000156e-02,-4.200000000000000261e-02,-5.725999999999999840e-02,-7.764999999999999680e-02,-1.062199999999999950e-01,-1.615999999999999936e-01,-2.745000000000000218e-01,-2.318999999999999950e-01,-2.920599999999999863e-01,-3.691200000000000037e-01,-4.805200000000000027e-01,-6.077799999999999869e-01,-7.434199999999999697e-01,-8.598799999999999777e-01,-9.585599999999999676e-01,-9.425200000000000244e-01,-1.026699999999999974e-01,-1.928100000000000092e-01,-2.565399999999999903e-01,-3.135499999999999954e-01,-3.612699999999999800e-01,-3.850799999999999779e-01,-3.959300000000000042e-01,-3.577699999999999769e-01,-2.215100000000000124e-01,-8.791000000000000203e-02,-1.760899999999999965e-01,-2.364999999999999880e-01,-2.893999999999999906e-01,-3.312499999999999889e-01,-3.492000000000000104e-01,-3.563899999999999846e-01,-3.179199999999999804e-01,-1.795299999999999951e-01,2.799999999999999972e-03,1.440000000000000091e-03,1.379999999999999933e-03,2.309999999999999987e-03,3.139999999999999996e-03,3.950000000000000386e-03,4.780000000000000394e-03,5.839999999999999705e-03,6.919999999999999936e-03,8.689999999999999808e-03,9.289999999999999647e-03,9.780000000000000498e-03,1.020000000000000073e-02,1.139000000000000082e-02,1.322000000000000085e-02,1.423999999999999919e-02,1.736000000000000043e-02,1.674000000000000141e-02,2.720000000000000195e-03,2.320000000000000014e-03,9.600000000000000243e-04,3.220000000000000206e-03,4.799999999999999580e-03,5.950000000000000427e-03,7.069999999999999896e-03,8.670000000000000623e-03,1.020000000000000073e-02,1.257999999999999917e-02,1.358999999999999965e-02,1.480000000000000066e-02,1.655999999999999833e-02,2.007000000000000103e-02,2.445999999999999910e-02,2.864999999999999838e-02,3.493999999999999884e-02,3.346999999999999975e-02
cmyi*c/cref,-9.808275243904412272e-03,-2.901657368906434761e-02,-4.363638472179526967e-02,-5.884336626919282193e-02,-7.575754168621677553e-02,-9.496053632274661926e-02,-1.170254664439303177e-01,-1.435509642597116997e-01,-1.921680485381914716e-01,-1.960216890643454724e-01,-2.554597380717394395e-01,-3.001437818936367186e-01,-3.499536884657077906e-01,-4.172932954843303066e-01,-4.793808576051256654e-01,-5.271303303671104334e-01,-5.411935051045998479e-01,-5.269234112640962531e-01,-4.430066641318944898e-01,-9.808275243904412272e-03,-2.901657368906434761e-02,-4.363638472179526967e-02,-5.884336626919282193e-02,-7.573950846991442387e-02,-9.491081008623618309e-02,-1.173882892309932591e-01,-1.450945230151924337e-01,-1.971955590790687163e-01,-2.066040302878315027e-01,-2.568219242157037119e-01,-3.001746154157296509e-01,-3.499631694791852654e-01,-4.172932954843303066e-01,-4.793808576051256654e-01,-5.271303303671104334e-01,-5.411935051045998479e-01,-5.269234112640962531e-01,-4.430066641318944898e-01,-6.575252117074117941e-02,-1.160658051596097501e-01,-1.445638408918083484e-01,-1.646321398061708075e-01,-1.757949394324267445e-01,-1.725723120034947378e-01,-1.622091393207889254e-01,-1.328169100830003113e-01,-7.371397788276409790e-02,-5.629983574676007685e-02,-1.060008694079958569e-01,-1.332710235086640438e-01,-1.519519734010710554e-01,-1.611871278738654101e-01,-1.564928101994919885e-01,-1.460099390360315164e-01,-1.180231770511430689e-01,-5.974389620916724375e-02,3.900760108078372718e-03,1.883001472325141054e-03,1.706594269257527378e-03,2.692734488002977017e-03,3.437387318588509821e-03,4.043741162004304071e-03,4.554170579384213095e-03,5.149587975472033619e-03,5.610745449544550338e-03,6.448374520685360052e-03,6.275495930881615572e-03,5.955780591195173473e-03,5.532898053618523319e-03,5.420565259598428276e-03,5.411875337744916255e-03,4.881981264258094221e-03,4.796575274645267437e-03,3.511467358066238872e-03,3.789309819276133733e-03,3.033724594301615961e-03,1.187196013396540776e-03,3.753508680246574365e-03,5.254604818224472944e-03,6.091205041500153718e-03,6.735980333942757914e-03,7.645021874544954792e-03,8.270173928519424997e-03,9.334931124306307740e-03,9.180192648081932083e-03,9.012837704467133171e-03,8.982822722345365496e-03,9.551426230038670417e-03,1.001319748572168135e-02,9.822244608215898592e-03,9.653936641480738434e-03,7.020837065380943973e-03
cmyo,6.000000000000000152e-05,6.000000000000000152e-05,6.000000000000000152e-05,6.000000000000000152e-05,6.000000000000000152e-05,6.000000000000000152e-05,6.000000000000000152e-05,6.000000000000000152e-05,6.000000000000000152e-05,1.100000000000000039e-04,5.000000000000000240e-05,2.000000000000000164e-05,-1.000000000000000082e-05,-5.000000000000000240e-05,-1.100000000000000039e-04,-1.700000000000000122e-04,-2.599999999999999772e-04,-3.600000000000000227e-04,-4.899999999999999842e-04,6.000000000000000152e-05,6.000000000000000152e-05,6.000000000000000152e-05,6.000000000000000152e-05,6.000000000000000152e-05,6.000000000000000152e-05,6.000000000000000152e-05,6.000000000000000152e-05,6.000000000000000152e-05,1.100000000000000039e-04,5.000000000000000240e-05,2.000000000000000164e-05,-1.000000000000000082e-05,-5.000000000000000240e-05,-1.100000000000000039e-04,-1.700000000000000122e-04,-2.599999999999999772e-04,-3.600000000000000227e-04,-4.899999999999999842e-04,4.000000000000000327e-05,1.000000000000000082e-05,-2.000000000000000164e-05,-6.000000000000000152e-05,-1.000000000000000048e-04,-1.600000000000000131e-04,-2.200000000000000078e-04,-2.999999999999999737e-04,-4.099999999999999912e-04,4.000000000000000327e-05,1.000000000000000082e-05,-2.000000000000000164e-05,-6.000000000000000152e-05,-1.000000000000000048e-04,-1.600000000000000131e-04,-2.200000000000000078e-04,-2.999999999999999737e-04,-4.099999999999999912e-04,1.000000000000000082e-05,1.299999999999999886e-04,2.300000000000000070e-04,3.400000000000000244e-04,4.699999999999999859e-04,6.199999999999999999e-04,7.900000000000000121e-04,1.000000000000000021e-03,1.240000000000000000e-03,1.680000000000000070e-03,2.370000000000000145e-03,3.229999999999999798e-03,4.320000000000000055e-03,5.749999999999999903e-03,7.700000000000000247e-03,1.047999999999999973e-02,1.476000000000000055e-02,2.205000000000000016e-02,1.000000000000000082e-05,1.299999999999999886e-04,2.300000000000000070e-04,3.400000000000000244e-04,4.699999999999999859e-04,6.199999999999999999e-04,7.900000000000000121e-04,1.000000000000000021e-03,1.240000000000000000e-03,1.680000000000000070e-03,2.370000000000000145e-03,3.229999999999999798e-03,4.320000000000000055e-03,5.760000000000000363e-03,7.709999999999999840e-03,1.050000000000000065e-02,1.478999999999999933e-02,2.207999999999999893e-02
cmyo*c/cref,1.431864999110133362e-04,1.344397236558966043e-04,1.256928988625883670e-04,1.169460740692801975e-04,1.081992978141634520e-04,9.945247302085524180e-05,9.070569676573852342e-05,8.195887197243031323e-05,7.321617292539680567e-05,8.279214328474121184e-05,5.537342048635267988e-05,2.055568139531121678e-05,-9.481013477437832198e-06,-4.342101218308606583e-05,-8.676148332713123879e-05,-1.205404161340948422e-04,-1.636394744931803796e-04,-1.978931189023897083e-04,-2.303115747407251705e-04,1.431864999110133362e-04,1.344397236558966043e-04,1.256928988625883670e-04,1.169460740692801975e-04,1.081992978141634520e-04,9.945247302085524180e-05,9.070569676573852342e-05,8.195887197243031323e-05,7.321617292539680567e-05,8.279214328474121184e-05,5.537342048635267988e-05,2.055568139531121678e-05,-9.481013477437832198e-06,-4.342101218308606583e-05,-8.676148332713123879e-05,-1.205404161340948422e-04,-1.636394744931803796e-04,-1.978931189023897083e-04,-2.303115747407251705e-04,2.561703366932548148e-05,6.019698416037019061e-06,-1.127027682948533381e-05,-3.150351901888135320e-05,-4.866026501852541343e-05,-7.170346400893103783e-05,-9.013212095717313462e-05,-1.113706376300418918e-04,-1.364395780413221911e-04,2.561703366932548148e-05,6.019698416037019061e-06,-1.127027682948533381e-05,-3.150351901888135320e-05,-4.866026501852541343e-05,-7.170346400893103783e-05,-9.013212095717313462e-05,-1.113706376300418918e-04,-1.364395780413221911e-04,1.393128610027990363e-05,1.699931884737974517e-04,2.844323782095879325e-04,3.963332146844209176e-04,5.145133884511463290e-04,6.347138026437135032e-04,7.526767275551313500e-04,8.817787629232934962e-04,1.005393693270988835e-03,1.246636270972543634e-03,1.600960748782500427e-03,1.966990931447894567e-03,2.343345058003138900e-03,2.736457440095782165e-03,3.152151293542802650e-03,3.592918795605676025e-03,4.078194185124662391e-03,4.625319907130259929e-03,1.393128610027990363e-05,1.699931884737974517e-04,2.844323782095879325e-04,3.963332146844209176e-04,5.145133884511463290e-04,6.347138026437135032e-04,7.526767275551313500e-04,8.817787629232934962e-04,1.005393693270988835e-03,1.246636270972543634e-03,1.600960748782500427e-03,1.966990931447894567e-03,2.343345058003138900e-03,2.741216496513340303e-03,3.156244996521429501e-03,3.599775510864466118e-03,4.086483197696054101e-03,4.631612859384858644e-03
cmz,2.000000000000000164e-05,3.699999999999999947e-04,6.599999999999999964e-04,1.010000000000000047e-03,1.459999999999999926e-03,2.050000000000000173e-03,2.850000000000000103e-03,3.980000000000000031e-03,6.309999999999999637e-03,9.780000000000000498e-03,9.469999999999999252e-03,1.179000000000000013e-02,1.473999999999999963e-02,1.918999999999999873e-02,2.414000000000000173e-02,2.912000000000000005e-02,3.268999999999999684e-02,3.479999999999999760e-02,3.048999999999999974e-02,-2.000000000000000164e-05,-3.699999999999999947e-04,-6.599999999999999964e-04,-1.010000000000000047e-03,-1.459999999999999926e-03,-2.050000000000000173e-03,-2.860000000000000129e-03,-4.040000000000000188e-03,-6.519999999999999754e-03,-1.056999999999999953e-02,-9.539999999999999869e-03,-1.179000000000000013e-02,-1.473999999999999963e-02,-1.918999999999999873e-02,-2.414000000000000173e-02,-2.912000000000000005e-02,-3.268999999999999684e-02,-3.479999999999999760e-02,-3.048999999999999974e-02,1.949999999999999910e-03,6.620000000000000016e-03,9.560000000000000789e-03,1.192000000000000004e-02,1.353000000000000036e-02,1.342999999999999923e-02,1.221999999999999996e-02,7.599999999999999985e-03,-3.589999999999999875e-03,-1.049999999999999935e-03,-5.599999999999999943e-03,-8.330000000000000598e-03,-1.044999999999999922e-02,-1.170000000000000033e-02,-1.123999999999999999e-02,-9.809999999999999276e-03,-5.170000000000000116e-03,6.150000000000000085e-03,2.498999999999999833e-02,1.196000000000000014e-02,1.123999999999999999e-02,1.991000000000000061e-02,2.772000000000000158e-02,3.524999999999999661e-02,4.288999999999999757e-02,5.274999999999999828e-02,6.267000000000000348e-02,7.917000000000000426e-02,8.445999999999999341e-02,8.856999999999999595e-02,9.184000000000000496e-02,1.023199999999999943e-01,1.184899999999999981e-01,1.264099999999999946e-01,1.534699999999999953e-01,1.431300000000000072e-01,-2.425000000000000072e-02,-2.032000000000000126e-02,-7.280000000000000013e-03,-2.858000000000000124e-02,-4.351000000000000006e-02,-5.423999999999999655e-02,-6.469999999999999363e-02,-7.964000000000000246e-02,-9.392999999999999960e-02,-1.162300000000000000e-01,-1.253499999999999892e-01,-1.363499999999999990e-01,-1.524000000000000077e-01,-1.848700000000000065e-01,-2.253900000000000070e-01,-2.635700000000000265e-01,-3.207200000000000051e-01,-3.022599999999999731e-01
cmz*c/cref,4.772883330367110982e-05,8.290449625446956678e-04,1.382621887488472145e-03,1.968592246832883471e-03,2.632849580144643736e-03,3.397959494879221245e-03,4.308520596372579503e-03,5.436605174171210177e-03,7.699900852654229313e-03,7.360974193861537229e-03,1.048772584011519599e-02,1.211757418253596105e-02,1.397501386574336382e-02,1.666498447586842874e-02,1.904020188651770959e-02,2.064786422249906966e-02,2.057451700454641236e-02,1.912966816056433511e-02,1.433102023233614498e-02,-4.772883330367110982e-05,-8.290449625446956678e-04,-1.382621887488472145e-03,-1.968592246832883471e-03,-2.632849580144643736e-03,-3.397959494879221245e-03,-4.323638212500202638e-03,-5.518564046143641100e-03,-7.956157457893117679e-03,-7.955572313815587396e-03,-1.056524862879609089e-02,-1.211757418253596105e-02,-1.397501386574336382e-02,-1.666498447586842874e-02,-1.904020188651770959e-02,-2.064786422249906966e-02,-2.057451700454641236e-02,-1.912966816056433511e-02,-1.433102023233614498e-02,1.248830391379617119e-03,3.985040351416505727e-03,5.387192324493989687e-03,6.258699111751095737e-03,6.583733857006487944e-03,6.018609510249648374e-03,5.006429627712071298e-03,2.821389486627728233e-03,-1.194678256508162600e-03,-6.724471338197938498e-04,-3.371031112980730268e-03,-4.694070299480641514e-03,-5.486862895788501872e-03,-5.693251007167473079e-03,-5.037168346627404585e-03,-4.019073211772129089e-03,-1.919287321824388959e-03,2.046593670619832866e-03,3.481428396459947117e-02,1.563937333958936513e-02,1.390008665685116621e-02,2.320880677754947122e-02,3.034534282524633739e-02,3.608655087611434970e-02,4.086367701878428071e-02,4.651382974420373295e-02,5.081292157846199753e-02,5.874773426958112416e-02,5.705364761272994911e-02,5.393696185707121116e-02,4.981778012199266498e-02,4.869466526445224291e-02,4.850628659375151586e-02,4.333786879317877427e-02,4.240382531104891495e-02,3.002367520669179876e-02,-3.378336879317876684e-02,-2.657124299836588141e-02,-9.002903101590435317e-03,-3.331530375200220107e-02,-4.763080325853059210e-02,-5.552722041192744568e-02,-6.164327123141391529e-02,-7.022486067921109021e-02,-7.615857226527740498e-02,-8.624793677091592559e-02,-8.467528686071155997e-02,-8.303381223000631806e-02,-8.266800621288851458e-02,-8.798067599139257344e-02,-9.226797143527432077e-02,-9.036122203795689256e-02,-8.861507039655702744e-02,-6.340359161583639103e-02
cmzi,2.200000000000000078e-04,6.800000000000000488e-04,1.090000000000000040e-03,1.580000000000000024e-03,2.200000000000000133e-03,3.000000000000000062e-03,4.060000000000000241e-03,5.510000000000000141e-03,8.250000000000000389e-03,1.365000000000000067e-02,1.209000000000000005e-02,1.529999999999999936e-02,1.933999999999999955e-02,2.518000000000000099e-02,3.185000000000000331e-02,3.896000000000000157e-02,4.506000000000000283e-02,5.023999999999999994e-02,4.939999999999999947e-02,-2.200000000000000078e-04,-6.800000000000000488e-04,-1.090000000000000040e-03,-1.580000000000000024e-03,-2.200000000000000133e-03,-3.000000000000000062e-03,-4.069999999999999833e-03,-5.570000000000000298e-03,-8.470000000000000098e-03,-1.439000000000000001e-02,-1.214999999999999934e-02,-1.531000000000000069e-02,-1.933999999999999955e-02,-2.518000000000000099e-02,-3.185000000000000331e-02,-3.896000000000000157e-02,-4.506000000000000283e-02,-5.023999999999999994e-02,-4.939999999999999947e-02,6.279999999999999992e-03,1.179000000000000013e-02,1.568999999999999909e-02,1.917999999999999913e-02,2.210000000000000159e-02,2.355000000000000149e-02,2.421999999999999847e-02,2.188000000000000014e-02,1.354999999999999954e-02,-5.380000000000000233e-03,-1.077000000000000006e-02,-1.446000000000000063e-02,-1.770000000000000046e-02,-2.026000000000000023e-02,-2.136000000000000051e-02,-2.179999999999999993e-02,-1.944999999999999854e-02,-1.098000000000000018e-02,2.662000000000000130e-02,1.372999999999999915e-02,1.312999999999999931e-02,2.194000000000000117e-02,2.990999999999999909e-02,3.762000000000000066e-02,4.546999999999999653e-02,5.559000000000000052e-02,6.579999999999999738e-02,8.266999999999999349e-02,8.840000000000000635e-02,9.306000000000000383e-02,9.701999999999999513e-02,1.083999999999999964e-01,1.257900000000000129e-01,1.354400000000000048e-01,1.651499999999999913e-01,1.592800000000000049e-01,-2.588000000000000023e-02,-2.207999999999999893e-02,-9.169999999999999332e-03,-3.060999999999999832e-02,-4.571000000000000063e-02,-5.661000000000000060e-02,-6.729000000000000259e-02,-8.248999999999999388e-02,-9.707000000000000350e-02,-1.197399999999999992e-01,-1.292899999999999883e-01,-1.408500000000000030e-01,-1.575900000000000079e-01,-1.909599999999999909e-01,-2.326999999999999902e-01,-2.726299999999999835e-01,-3.324199999999999933e-01,-3.184299999999999908e-01
cmzi*c/cref,5.250171663403822419e-04,1.523650201433494758e-03,2.283420996003688794e-03,3.079579950491045069e-03,3.967307586519326808e-03,4.972623651042762036e-03,6.137752147814973594e-03,7.526556409468183537e-03,1.006722377724206079e-02,1.027375232578834133e-02,1.338929307360007745e-02,1.572509626741307870e-02,1.833628006536476562e-02,2.186682173540214005e-02,2.512139312699209273e-02,2.762502713284903030e-02,2.835997969485657549e-02,2.761708414904460659e-02,2.321916692284045625e-02,-5.250171663403822419e-04,-1.523650201433494758e-03,-2.283420996003688794e-03,-3.079579950491045069e-03,-3.967307586519326808e-03,-4.972623651042762036e-03,-6.152869763942595861e-03,-7.608515281440613592e-03,-1.033568307796851535e-02,-1.083071765334023620e-02,-1.345574117818369893e-02,-1.573537410811073553e-02,-1.833628006536476562e-02,-2.186682173540214005e-02,-2.512139312699209273e-02,-2.762502713284903030e-02,-2.835997969485657549e-02,-2.761708414904460659e-02,-2.321916692284045625e-02,4.021874286084099921e-03,7.097224432507644350e-03,8.841532172731243408e-03,1.007062491303573927e-02,1.075391856909411678e-02,1.055385360881453717e-02,9.922727134466969787e-03,8.122631837817723133e-03,4.509161664536379295e-03,-3.445491028524277303e-03,-6.483215194071868456e-03,-8.148410147717895236e-03,-9.293538110569999830e-03,-9.858569692753248181e-03,-9.572412445192293382e-03,-8.931273803938065414e-03,-7.220529673014382775e-03,-3.653918455838335751e-03,3.708508359894509970e-02,1.795389598265568348e-02,1.623737880822560473e-02,2.557514920640057213e-02,3.274275627356124790e-02,3.851279557331693804e-02,4.332178582523014965e-02,4.901808143090588543e-02,5.335072985260569389e-02,6.134489316744057980e-02,5.971516041872280273e-02,5.667126194443996429e-02,5.262762442765382687e-02,5.158817156632743844e-02,5.149468976814924187e-02,4.643367573252221714e-02,4.563101420551070320e-02,3.341138117041759364e-02,-3.605416842752438844e-02,-2.887268924231882819e-02,-1.134019525296487384e-02,-3.568164618085330198e-02,-5.003916380021680710e-02,-5.795346510913003402e-02,-6.411090759137315354e-02,-7.273793015354247660e-02,-7.870448855307651814e-02,-8.885251612276927335e-02,-8.733679966670440664e-02,-8.577420207258079632e-02,-8.548327492840618325e-02,-9.087894134968531323e-02,-9.526046831265067016e-02,-9.346731405018850192e-02,-9.184778529939975622e-02,-6.679549288106524652e-02
cmzo,-2.000000000000000096e-04,-3.099999999999999999e-04,-4.299999999999999894e-04,-5.699999999999999772e-04,-7.399999999999999894e-04,-9.499999999999999981e-04,-1.209999999999999921e-03,-1.529999999999999893e-03,-1.949999999999999910e-03,-3.870000000000000176e-03,-2.619999999999999933e-03,-3.510000000000000099e-03,-4.599999999999999922e-03,-5.989999999999999665e-03,-7.720000000000000299e-03,-9.839999999999999789e-03,-1.238000000000000038e-02,-1.542999999999999927e-02,-1.890000000000000013e-02,2.000000000000000096e-04,3.099999999999999999e-04,4.299999999999999894e-04,5.699999999999999772e-04,7.399999999999999894e-04,9.499999999999999981e-04,1.209999999999999921e-03,1.529999999999999893e-03,1.949999999999999910e-03,3.810000000000000019e-03,2.619999999999999933e-03,3.510000000000000099e-03,4.599999999999999922e-03,5.989999999999999665e-03,7.720000000000000299e-03,9.839999999999999789e-03,1.238000000000000038e-02,1.542999999999999927e-02,1.890000000000000013e-02,-4.329999999999999648e-03,-5.170000000000000116e-03,-6.139999999999999625e-03,-7.259999999999999960e-03,-8.569999999999999493e-03,-1.012000000000000052e-02,-1.200000000000000025e-02,-1.427999999999999929e-02,-1.713999999999999899e-02,4.329999999999999648e-03,5.170000000000000116e-03,6.130000000000000032e-03,7.250000000000000368e-03,8.559999999999999901e-03,1.010999999999999920e-02,1.199000000000000066e-02,1.426999999999999970e-02,1.712999999999999939e-02,-1.629999999999999939e-03,-1.770000000000000089e-03,-1.889999999999999970e-03,-2.030000000000000120e-03,-2.190000000000000106e-03,-2.370000000000000145e-03,-2.589999999999999854e-03,-2.840000000000000076e-03,-3.129999999999999970e-03,-3.500000000000000073e-03,-3.939999999999999926e-03,-4.490000000000000067e-03,-5.179999999999999709e-03,-6.080000000000000335e-03,-7.300000000000000065e-03,-9.029999999999999832e-03,-1.167999999999999941e-02,-1.615000000000000116e-02,1.629999999999999939e-03,1.770000000000000089e-03,1.889999999999999970e-03,2.030000000000000120e-03,2.190000000000000106e-03,2.380000000000000171e-03,2.589999999999999854e-03,2.840000000000000076e-03,3.139999999999999996e-03,3.500000000000000073e-03,3.950000000000000386e-03,4.490000000000000067e-03,5.190000000000000169e-03,6.089999999999999927e-03,7.320000000000000118e-03,9.050000000000000752e-03,1.170000000000000033e-02,1.617000000000000035e-02
cmzo*c/cref,-4.772883330367110846e-04,-6.946052388887990906e-04,-9.007991085152166483e-04,-1.110987703658161815e-03,-1.334458006374682638e-03,-1.574664156163541441e-03,-1.829231551442393224e-03,-2.089951235296972493e-03,-2.379525620075395934e-03,-2.912778131926804532e-03,-2.901567233484880163e-03,-3.607522084877118080e-03,-4.361266199621402669e-03,-5.201837259533709582e-03,-6.089078648049574445e-03,-6.977162910349959772e-03,-7.791756516252205424e-03,-8.481918957399647158e-03,-8.883446454285114438e-03,4.772883330367110846e-04,6.946052388887990906e-04,9.007991085152166483e-04,1.110987703658161815e-03,1.334458006374682638e-03,1.574664156163541441e-03,1.829231551442393224e-03,2.089951235296972493e-03,2.379525620075395934e-03,2.867618781044218180e-03,2.901567233484880163e-03,3.607522084877118080e-03,4.361266199621402669e-03,5.201837259533709582e-03,6.089078648049574445e-03,6.977162910349959772e-03,7.791756516252205424e-03,8.481918957399647158e-03,8.883446454285114438e-03,-2.773043894704483019e-03,-3.112184081091138622e-03,-3.459974986651996858e-03,-3.811925801284643967e-03,-4.170184712087627102e-03,-4.535244098564887930e-03,-4.916297506754898489e-03,-5.301242351189994900e-03,-5.703839921044541461e-03,2.773043894704483019e-03,3.112184081091138622e-03,3.454339848237254589e-03,3.806675214781497091e-03,4.165318685585775102e-03,4.530762632064329505e-03,4.912200592165936325e-03,5.297529996602326312e-03,5.700512126458168183e-03,-2.270799634345624200e-03,-2.314522643066319225e-03,-2.337292151374439821e-03,-2.366342428851101343e-03,-2.397413448314916155e-03,-2.426244697202582269e-03,-2.467636359959227838e-03,-2.504251686702153781e-03,-2.537808274143705470e-03,-2.597158897859466048e-03,-2.661512805992848844e-03,-2.734300087368745323e-03,-2.809844305661170997e-03,-2.893506301875192494e-03,-2.988403174397722111e-03,-3.095806939343440697e-03,-3.227188894461792586e-03,-3.387705963725791847e-03,2.270799634345624200e-03,2.314522643066319225e-03,2.337292151374439821e-03,2.366342428851101343e-03,2.397413448314916155e-03,2.436482016600061834e-03,2.467636359959227838e-03,2.504251686702153781e-03,2.545916287799117068e-03,2.597158897859466048e-03,2.668267914637500928e-03,2.734300087368745323e-03,2.815268715517659989e-03,2.898265358292750199e-03,2.996590580354975813e-03,3.102663654602230356e-03,3.232714902842720537e-03,3.391901265228857657e-03
cs,1.709999999999999932e-03,3.190000000000000127e-03,4.190000000000000148e-03,5.089999999999999906e-03,5.989999999999999665e-03,6.930000000000000396e-03,7.969999999999999654e-03,9.169999999999999332e-03,1.204000000000000035e-02,8.259999999999999981e-03,1.387000000000000038e-02,1.537999999999999957e-02,1.692000000000000101e-02,1.890000000000000013e-02,2.060000000000000026e-02,2.174999999999999850e-02,2.171000000000000013e-02,2.048000000000000168e-02,1.666000000000000120e-02,-1.709999999999999932e-03,-3.190000000000000127e-03,-4.190000000000000148e-03,-5.089999999999999906e-03,-5.989999999999999665e-03,-6.930000000000000396e-03,-7.979999999999999247e-03,-9.220000000000000764e-03,-1.221000000000000037e-02,-8.600000000000000006e-03,-1.392000000000000008e-02,-1.537999999999999957e-02,-1.692000000000000101e-02,-1.890000000000000013e-02,-2.060000000000000026e-02,-2.174999999999999850e-02,-2.171000000000000013e-02,-2.048000000000000168e-02,-1.666000000000000120e-02,2.000000000000000042e-03,3.360000000000000139e-03,4.040000000000000188e-03,4.479999999999999608e-03,4.669999999999999672e-03,4.510000000000000120e-03,4.150000000000000043e-03,3.350000000000000113e-03,1.879999999999999944e-03,-1.729999999999999984e-03,-3.079999999999999839e-03,-3.729999999999999809e-03,-4.139999999999999583e-03,-4.300000000000000003e-03,-4.109999999999999938e-03,-3.759999999999999887e-03,-3.010000000000000089e-03,-1.569999999999999998e-03,2.197999999999999954e-02,1.529999999999999936e-02,1.537999999999999957e-02,2.038999999999999840e-02,2.389000000000000151e-02,2.653000000000000150e-02,2.866000000000000145e-02,3.121000000000000163e-02,3.302999999999999686e-02,3.731000000000000288e-02,3.588999999999999829e-02,3.359999999999999792e-02,3.081000000000000058e-02,2.920999999999999985e-02,2.801000000000000018e-02,2.469000000000000014e-02,2.308999999999999941e-02,1.641000000000000097e-02,-2.088999999999999885e-02,-2.196000000000000035e-02,-1.498999999999999985e-02,-2.692999999999999908e-02,-3.364999999999999936e-02,-3.733000000000000207e-02,-4.009000000000000064e-02,-4.399000000000000132e-02,-4.649999999999999967e-02,-5.174999999999999739e-02,-5.022999999999999687e-02,-4.848999999999999838e-02,-4.719999999999999890e-02,-4.827000000000000041e-02,-4.882999999999999841e-02,-4.669000000000000233e-02,-4.451000000000000095e-02,-3.185000000000000331e-02
cs*c/cref,4.080815247463879906e-03,7.147711974371835988e-03,8.777554103904088370e-03,9.920925283543935436e-03,1.080189656511398345e-02,1.148676063390878174e-02,1.204874005371559843e-02,1.252604759978643081e-02,1.469204536702962451e-02,6.216937304836021513e-03,1.536058684291423219e-02,1.580731899299432294e-02,1.604187480382481337e-02,1.641314260520652935e-02,1.624805960489912257e-02,1.542208265245036819e-02,1.366389612018056345e-02,1.125791965311372621e-02,7.830593541184656392e-03,-4.080815247463879906e-03,-7.147711974371835988e-03,-8.777554103904088370e-03,-9.920925283543935436e-03,-1.080189656511398345e-02,-1.148676063390878174e-02,-1.206385766984322157e-02,-1.259434665976345846e-02,-1.489949119031824809e-02,-6.472840293170676641e-03,-1.541596026340058545e-02,-1.580731899299432294e-02,-1.604187480382481337e-02,-1.641314260520652935e-02,-1.624805960489912257e-02,-1.542208265245036819e-02,-1.366389612018056345e-02,-1.125791965311372621e-02,-7.830593541184656392e-03,1.280851683466273979e-03,2.022618667788438161e-03,2.276595919556037399e-03,2.352262753409807561e-03,2.272434376365136365e-03,2.021141391751743628e-03,1.700219554419402307e-03,1.243638786868801272e-03,6.256253822382578517e-04,-1.107936706198326933e-03,-1.854067112139401539e-03,-2.101906628699014463e-03,-2.173742812302813330e-03,-2.092391395796592852e-03,-1.841882731729415756e-03,-1.540439885449868158e-03,-1.117418730888087262e-03,-5.224637500606727804e-04,3.062096684841522642e-02,2.000689064345462231e-02,1.901986946462374747e-02,2.376833602180982580e-02,2.615260606403805796e-02,2.715960836151245020e-02,2.730596836927856250e-02,2.752031519083599290e-02,2.678076910382319251e-02,2.768571385118191036e-02,2.424408492565566925e-02,2.046157749122267874e-02,1.671260676784183316e-02,1.390120379568657305e-02,1.146646204313427238e-02,8.464614986975586841e-03,6.379776675781060648e-03,3.442244883265649542e-03,-2.910245666348471386e-02,-2.871577245295840047e-02,-1.853757108418140412e-02,-3.139192197485721897e-02,-3.683696919442781825e-02,-3.821591331079004367e-02,-3.819596203504457832e-02,-3.878944778099568252e-02,-3.770226349766207796e-02,-3.840084941835067434e-02,-3.393091072208649639e-02,-2.952922299254129995e-02,-2.560321452262688882e-02,-2.297196532755189577e-02,-1.998955164463572104e-02,-1.600700177164399163e-02,-1.229813165175465753e-02,-6.681017643632598639e-03
csi,1.709999999999999932e-03,3.190000000000000127e-03,4.190000000000000148e-03,5.089999999999999906e-03,5.989999999999999665e-03,6.930000000000000396e-03,7.969999999999999654e-03,9.169999999999999332e-03,1.205999999999999954e-02,8.259999999999999981e-03,1.387000000000000038e-02,1.537999999999999957e-02,1.692000000000000101e-02,1.890000000000000013e-02,2.060000000000000026e-02,2.174999999999999850e-02,2.171000000000000013e-02,2.048000000000000168e-02,1.666000000000000120e-02,-1.709999999999999932e-03,-3.190000000000000127e-03,-4.190000000000000148e-03,-5.089999999999999906e-03,-5.989999999999999665e-03,-6.930000000000000396e-03,-7.979999999999999247e-03,-9.220000000000000764e-03,-1.222999999999999955e-02,-8.600000000000000006e-03,-1.392000000000000008e-02,-1.537999999999999957e-02,-1.692000000000000101e-02,-1.890000000000000013e-02,-2.060000000000000026e-02,-2.174999999999999850e-02,-2.171000000000000013e-02,-2.048000000000000168e-02,-1.666000000000000120e-02,2.000000000000000042e-03,3.360000000000000139e-03,4.040000000000000188e-03,4.479999999999999608e-03,4.669999999999999672e-03,4.510000000000000120e-03,4.150000000000000043e-03,3.350000000000000113e-03,1.879999999999999944e-03,-1.729999999999999984e-03,-3.079999999999999839e-03,-3.729999999999999809e-03,-4.139999999999999583e-03,-4.300000000000000003e-03,-4.109999999999999938e-03,-3.759999999999999887e-03,-3.010000000000000089e-03,-1.569999999999999998e-03,2.197999999999999954e-02,1.529999999999999936e-02,1.537999999999999957e-02,2.038999999999999840e-02,2.389000000000000151e-02,2.653000000000000150e-02,2.866000000000000145e-02,3.121000000000000163e-02,3.302999999999999686e-02,3.731000000000000288e-02,3.588999999999999829e-02,3.359999999999999792e-02,3.081000000000000058e-02,2.920999999999999985e-02,2.801000000000000018e-02,2.469000000000000014e-02,2.308999999999999941e-02,1.641000000000000097e-02,-2.087999999999999926e-02,-2.196000000000000035e-02,-1.498999999999999985e-02,-2.692999999999999908e-02,-3.364999999999999936e-02,-3.733000000000000207e-02,-4.009000000000000064e-02,-4.399000000000000132e-02,-4.649999999999999967e-02,-5.174999999999999739e-02,-5.022999999999999687e-02,-4.848999999999999838e-02,-4.719999999999999890e-02,-4.827000000000000041e-02,-4.882999999999999841e-02,-4.669000000000000233e-02,-4.451000000000000095e-02,-3.185000000000000331e-02
csi*c/cref,4.080815247463879906e-03,7.147711974371835988e-03,8.777554103904088370e-03,9.920925283543935436e-03,1.080189656511398345e-02,1.148676063390878174e-02,1.204874005371559843e-02,1.252604759978643081e-02,1.471645075800475516e-02,6.216937304836021513e-03,1.536058684291423219e-02,1.580731899299432294e-02,1.604187480382481337e-02,1.641314260520652935e-02,1.624805960489912257e-02,1.542208265245036819e-02,1.366389612018056345e-02,1.125791965311372621e-02,7.830593541184656392e-03,-4.080815247463879906e-03,-7.147711974371835988e-03,-8.777554103904088370e-03,-9.920925283543935436e-03,-1.080189656511398345e-02,-1.148676063390878174e-02,-1.206385766984322157e-02,-1.259434665976345846e-02,-1.492389658129338048e-02,-6.472840293170676641e-03,-1.541596026340058545e-02,-1.580731899299432294e-02,-1.604187480382481337e-02,-1.641314260520652935e-02,-1.624805960489912257e-02,-1.542208265245036819e-02,-1.366389612018056345e-02,-1.125791965311372621e-02,-7.830593541184656392e-03,1.280851683466273979e-03,2.022618667788438161e-03,2.276595919556037399e-03,2.352262753409807561e-03,2.272434376365136365e-03,2.021141391751743628e-03,1.700219554419402307e-03,1.243638786868801272e-03,6.256253822382578517e-04,-1.107936706198326933e-03,-1.854067112139401539e-03,-2.101906628699014463e-03,-2.173742812302813330e-03,-2.092391395796592852e-03,-1.841882731729415756e-03,-1.540439885449868158e-03,-1.117418730888087262e-03,-5.224637500606727804e-04,3.062096684841522642e-02,2.000689064345462231e-02,1.901986946462374747e-02,2.376833602180982580e-02,2.615260606403805796e-02,2.715960836151245020e-02,2.730596836927856250e-02,2.752031519083599290e-02,2.678076910382319251e-02,2.768571385118191036e-02,2.424408492565566925e-02,2.046157749122267874e-02,1.671260676784183316e-02,1.390120379568657305e-02,1.146646204313427238e-02,8.464614986975586841e-03,6.379776675781060648e-03,3.442244883265649542e-03,-2.908852537738443669e-02,-2.871577245295840047e-02,-1.853757108418140412e-02,-3.139192197485721897e-02,-3.683696919442781825e-02,-3.821591331079004367e-02,-3.819596203504457832e-02,-3.878944778099568252e-02,-3.770226349766207796e-02,-3.840084941835067434e-02,-3.393091072208649639e-02,-2.952922299254129995e-02,-2.560321452262688882e-02,-2.297196532755189577e-02,-1.998955164463572104e-02,-1.600700177164399163e-02,-1.229813165175465753e-02,-6.681017643632598639e-03
cso,0.000000000000000000e+00,0.000000000000000000e+00,0.000000000000000000e+00,0.000000000000000000e+00,0.000000000000000000e+00,0.000000000000000000e+00,0.000000000000000000e+00,0.000000000000000000e+00,-2.000000000000000164e-05,0.000000000000000000e+00,0.000000000000000000e+00,0.000000000000000000e+00,0.000000000000000000e+00,0.000000000000000000e+00,0.000000000000000000e+00,0.000000000000000000e+00,0.000000000000000000e+00,0.000000000000000000e+00,0.000000000000000000e+00,0.000000000000000000e+00,0.000000000000000000e+00,0.000000000000000000e+00,0.000000000000000000e+00,0.000000000000000000e+00,0.000000000000000000e+00,0.000000000000000000e+00,0.000000000000000000e+00,2.000000000000000164e-05,0.000000000000000000e+00,0.000000000000000000e+00,0.000000000000000000e+00,0.000000000000000000e+00,0.000000000000000000e+00,0.000000000000000000e+00,0.000000000000000000e+00,0.000000000000000000e+00,0.000000000000000000e+00,0.000000000000000000e+00,0.000000000000000000e+00,0.000000000000000000e+00,0.000000000000000000e+00,0.000000000000000000e+00,0.000000000000000000e+00,0.000000000000000000e+00,0.000000000000000000e+00,0.000000000000000000e+00,0.000000000000000000e+00,0.000000000000000000e+00,0.000000000000000000e+00,0.000000000000000000e+00,0.000000000000000000e+00,0.000000000000000000e+00,0.000000000000000000e+00,0.000000000000000000e+00,0.000000000000000000e+00,0.000000000000000000e+00,0.000000000000000000e+00,0.000000000000000000e+00,0.000000000000000000e+00,0.000000000000000000e+00,0.000000000000000000e+00,0.000000000000000000e+00,0.000000000000000000e+00,0.000000000000000000e+00,0.000000000000000000e+00,0.000000000000000000e+00,0.000000000000000000e+00,0.000000000000000000e+00,0.000000000000000000e+00,0.000000000000000000e+00,0.000000000000000000e+00,0.000000000000000000e+00,0.000000000000000000e+00,0.000000000000000000e+00,-0.000000000000000000e+00,0.000000000000000000e+00,0.000000000000000000e+00,0.000000000000000000e+00,0.000000000000000000e+00,0.000000000000000000e+00,0.000000000000000000e+00,0.000000000000000000e+00,0.000000000000000000e+00,0.000000000000000000e+00,0.000000000000000000e+00,0.000000000000000000e+00,0.000000000000000000e+00,0.000000000000000000e+00,0.000000000000000000e+00,0.000000000000000000e+00,0.000000000000000000e+00,0.000000000000000000e+00
cso*c/cref,0.000000000000000000e+00,0.000000000000000000e+00,0.000000000000000000e+00,0.000000000000000000e+00,0.000000000000000000e+00,0.000000000000000000e+00,0.000000000000000000e+00,0.000000000000000000e+00,-2.440539097513226856e-05,0.000000000000000000e+00,0.000000000000000000e+00,0.000000000000000000e+00,0.000000000000000000e+00,0.000000000000000000e+00,0.000000000000000000e+00,0.000000000000000000e+00,0.000000000000000000e+00,0.000000000000000000e+00,0.000000000000000000e+00,0.000000000000000000e+00,0.000000000000000000e+00,0.000000000000000000e+00,0.000000000000000000e+00,0.000000000000000000e+00,0.000000000000000000e+00,0.000000000000000000e+00,0.000000000000000000e+00,2.440539097513226856e-05,0.000000000000000000e+00,0.000000000000000000e+00,0.000000000000000000e+00,0.000000000000000000e+00,0.000000000000000000e+00,0.000000000000000000e+00,0.000000000000000000e+00,0.000000000000000000e+00,0.000000000000000000e+00,0.000000000000000000e+00,0.000000000000000000e+00,0.000000000000000000e+00,0.000000000000000000e+00,0.000000000000000000e+00,0.000000000000000000e+00,0.000000000000000000e+00,0.000000000000000000e+00,0.000000000000000000e+00,0.000000000000000000e+00,0.000000000000000000e+00,0.000000000000000000e+00,0.000000000000000000e+00,0.000000000000000000e+00,0.000000000000000000e+00,0.000000000000000000e+00,0.000000000000000000e+00,0.000000000000000000e+00,0.000000000000000000e+00,0.000000000000000000e+00,0.000000000000000000e+00,0.000000000000000000e+00,0.000000000000000000e+00,0.000000000000000000e+00,0.000000000000000000e+00,0.000000000000000000e+00,0.000000000000000000e+00,0.000000000000000000e+00,0.000000000000000000e+00,0.000000000000000000e+00,0.000000000000000000e+00,0.000000000000000000e+00,0.000000000000000000e+00,0.000000000000000000e+00,0.000000000000000000e+00,0.000000000000000000e+00,0.000000000000000000e+00,-0.000000000000000000e+00,0.000000000000000000e+00,0.000000000000000000e+00,0.000000000000000000e+00,0.000000000000000000e+00,0.000000000000000000e+00,0.000000000000000000e+00,0.000000000000000000e+00,0.000000000000000000e+00,0.000000000000000000e+00,0.000000000000000000e+00,0.000000000000000000e+00,0.000000000000000000e+00,0.000000000000000000e+00,0.000000000000000000e+00,0.000000000000000000e+00,0.000000000000000000e+00,0.000000000000000000e+00
cx,4.669999999999999672e-03,4.720000000000000237e-03,4.769999999999999934e-03,4.830000000000000092e-03,4.899999999999999842e-03,4.980000000000000052e-03,5.069999999999999854e-03,5.179999999999999709e-03,5.320000000000000076e-03,6.289999999999999584e-03,5.550000000000000246e-03,5.700000000000000205e-03,5.870000000000000218e-03,6.089999999999999927e-03,6.300000000000000044e-03,6.490000000000000109e-03,6.559999999999999859e-03,6.539999999999999807e-03,6.309999999999999637e-03,4.669999999999999672e-03,4.720000000000000237e-03,4.769999999999999934e-03,4.830000000000000092e-03,4.899999999999999842e-03,4.980000000000000052e-03,5.069999999999999854e-03,5.179999999999999709e-03,5.320000000000000076e-03,6.199999999999999782e-03,5.550000000000000246e-03,5.700000000000000205e-03,5.870000000000000218e-03,6.089999999999999927e-03,6.300000000000000044e-03,6.490000000000000109e-03,6.559999999999999859e-03,6.539999999999999807e-03,6.309999999999999637e-03,5.490000000000000088e-03,5.539999999999999786e-03,5.590000000000000351e-03,5.649999999999999641e-03,5.709999999999999798e-03,5.769999999999999955e-03,5.830000000000000113e-03,5.899999999999999863e-03,5.969999999999999613e-03,5.479999999999999628e-03,5.539999999999999786e-03,5.590000000000000351e-03,5.649999999999999641e-03,5.700000000000000205e-03,5.760000000000000363e-03,5.819999999999999653e-03,5.890000000000000270e-03,5.969999999999999613e-03,4.969999999999999592e-03,5.009999999999999697e-03,5.040000000000000209e-03,5.080000000000000314e-03,5.120000000000000419e-03,5.170000000000000116e-03,5.210000000000000221e-03,5.270000000000000379e-03,5.320000000000000076e-03,5.380000000000000233e-03,5.449999999999999983e-03,5.519999999999999733e-03,5.599999999999999943e-03,5.700000000000000205e-03,5.810000000000000060e-03,5.939999999999999968e-03,6.109999999999999980e-03,6.340000000000000149e-03,4.969999999999999592e-03,5.009999999999999697e-03,5.040000000000000209e-03,5.080000000000000314e-03,5.130000000000000011e-03,5.170000000000000116e-03,5.219999999999999814e-03,5.270000000000000379e-03,5.329999999999999669e-03,5.389999999999999826e-03,5.459999999999999576e-03,5.530000000000000193e-03,5.610000000000000403e-03,5.709999999999999798e-03,5.819999999999999653e-03,5.960000000000000020e-03,6.130000000000000032e-03,6.349999999999999742e-03
cx*c/cref,1.114468257640720272e-02,1.057592492759719914e-02,9.992585459575775014e-03,9.414158962577055118e-03,8.836275988156680819e-03,8.254555260730985639e-03,7.664631376704904124e-03,7.075782613619816495e-03,6.491833999385182921e-03,4.734205284191110759e-03,6.146449673985147216e-03,5.858369197663695731e-03,5.565354911256007071e-03,5.288679283899882025e-03,4.969066772372061555e-03,4.601807651236914515e-03,4.128749817981782269e-03,3.595058326726745853e-03,2.965849054314236271e-03,1.114468257640720272e-02,1.057592492759719914e-02,9.992585459575775014e-03,9.414158962577055118e-03,8.836275988156680819e-03,8.254555260730985639e-03,7.664631376704904124e-03,7.075782613619816495e-03,6.491833999385182921e-03,4.666466257867232098e-03,6.146449673985147216e-03,5.858369197663695731e-03,5.565354911256007071e-03,5.288679283899882025e-03,4.969066772372061555e-03,4.601807651236914515e-03,4.128749817981782269e-03,3.595058326726745853e-03,2.965849054314236271e-03,3.515937871114922179e-03,3.334912922484507825e-03,3.150042373841150777e-03,2.966581374277993833e-03,2.778501132557800735e-03,2.585806170822075190e-03,2.388501205365088122e-03,2.190289206724157535e-03,1.986693368065106050e-03,3.509533612697590590e-03,3.334912922484507825e-03,3.150042373841150777e-03,2.966581374277993833e-03,2.773635106055948735e-03,2.581324704321517199e-03,2.384404290776125524e-03,2.186576852136489380e-03,1.986693368065106050e-03,6.923849191839110719e-03,6.551275955797885783e-03,6.232779070331839234e-03,5.921684501755465277e-03,5.604911806106105225e-03,5.292694128496771948e-03,4.963855380458524584e-03,4.646974080605757208e-03,4.313463264678758964e-03,3.992204248709693530e-03,3.681534211335285838e-03,3.361544873558011681e-03,3.037669519633698703e-03,2.712662158007992774e-03,2.378441430582296616e-03,2.036444431860469362e-03,1.688195560373420600e-03,1.329910576471920666e-03,6.923849191839110719e-03,6.551275955797885783e-03,6.232779070331839234e-03,5.921684501755465277e-03,5.615858899477406234e-03,5.292694128496771948e-03,4.973382933971880020e-03,4.646974080605757208e-03,4.321571278334169694e-03,3.999624702703577853e-03,3.688289319979937489e-03,3.367634628763732912e-03,3.043093929490187696e-03,2.717421214425550478e-03,2.382535133560923467e-03,2.043301147119258587e-03,1.693721568754348334e-03,1.332008227223453571e-03
cxi,-0.000000000000000000e+00,0.000000000000000000e+00,0.000000000000000000e+00,0.000000000000000000e+00,0.000000000000000000e+00,0.000000000000000000e+00,0.000000000000000000e+00,-0.000000000000000000e+00,-0.000000000000000000e+00,0.000000000000000000e+00,-0.000000000000000000e+00,-0.000000000000000000e+00,0.000000000000000000e+00,-0.000000000000000000e+00,-0.000000000000000000e+00,-0.000000000000000000e+00,0.000000000000000000e+00,0.000000000000000000e+00,-0.000000000000000000e+00,-0.000000000000000000e+00,0.000000000000000000e+00,0.000000000000000000e+00,0.000000000000000000e+00,0.000000000000000000e+00,0.000000000000000000e+00,-0.000000000000000000e+00,-0.000000000000000000e+00,-0.000000000000000000e+00,0.000000000000000000e+00,-0.000000000000000000e+00,-0.000000000000000000e+00,0.000000000000000000e+00,-0.000000000000000000e+00,-0.000000000000000000e+00,-0.000000000000000000e+00,0.000000000000000000e+00,0.000000000000000000e+00,-0.000000000000000000e+00,-0.000000000000000000e+00,-0.000000000000000000e+00,0.000000000000000000e+00,0.000000000000000000e+00,0.000000000000000000e+00,-0.000000000000000000e+00,-0.000000000000000000e+00,-0.000000000000000000e+00,-0.000000000000000000e+00,-0.000000000000000000e+00,-0.000000000000000000e+00,0.000000000000000000e+00,0.000000000000000000e+00,0.000000000000000000e+00,0.000000000000000000e+00,0.000000000000000000e+00,-0.000000000000000000e+00,-0.000000000000000000e+00,0.000000000000000000e+00,0.000000000000000000e+00,0.000000000000000000e+00,-0.000000000000000000e+00,0.000000000000000000e+00,-0.000000000000000000e+00,-0.000000000000000000e+00,-0.000000000000000000e+00,-0.000000000000000000e+00,-0.000000000000000000e+00,-0.000000000000000000e+00,-0.000000000000000000e+00,0.000000000000000000e+00,0.000000000000000000e+00,0.000000000000000000e+00,0.000000000000000000e+00,0.000000000000000000e+00,-0.000000000000000000e+00,-0.000000000000000000e+00,0.000000000000000000e+00,0.000000000000000000e+00,0.000000000000000000e+00,-0.000000000000000000e+00,0.000000000000000000e+00,0.000000000000000000e+00,-0.000000000000000000e+00,-0.000000000000000000e+00,-0.000000000000000000e+00,-0.000000000000000000e+00,-0.000000000000000000e+00,0.000000000000000000e+00,0.000000000000000000e+00,-0.000000000000000000e+00,0.000000000000000000e+00,0.000000000000000000e+00,-0.000000000000000000e+00
cxi*c/cref,-0.000000000000000000e+00,0.000000000000000000e+00,0.000000000000000000e+00,0.000000000000000000e+00,0.000000000000000000e+00,0.000000000000000000e+00,0.000000000000000000e+00,-0.000000000000000000e+00,-0.000000000000000000e+00,0.000000000000000000e+00,-0.000000000000000000e+00,-0.000000000000000000e+00,0.000000000000000000e+00,-0.000000000000000000e+00,-0.000000000000000000e+00,-0.000000000000000000e+00,0.000000000000000000e+00,0.000000000000000000e+00,-0.000000000000000000e+00,-0.000000000000000000e+00,0.000000000000000000e+00,0.000000000000000000e+00,0.000000000000000000e+00,0.000000000000000000e+00,0.000000000000000000e+00,-0.000000000000000000e+00,-0.000000000000000000e+00,-0.000000000000000000e+00,0.000000000000000000e+00,-0.000000000000000000e+00,-0.000000000000000000e+00,0.000000000000000000e+00,-0.000000000000000000e+00,-0.000000000000000000e+00,-0.000000000000000000e+00,0.000000000000000000e+00,0.000000000000000000e+00,-0.000000000000000000e+00,-0.000000000000000000e+00,-0.000000000000000000e+00,0.000000000000000000e+00,0.000000000000000000e+00,0.000000000000000000e+00,-0.000000000000000000e+00,-0.000000000000000000e+00,-0.000000000000000000e+00,-0.000000000000000000e+00,-0.000000000000000000e+00,-0.000000000000000000e+00,0.000000000000000000e+00,0.000000000000000000e+00,0.000000000000000000e+00,0.000000000000000000e+00,0.000000000000000000e+00,-0.000000000000000000e+00,-0.000000000000000000e+00,0.000000000000000000e+00,0.000000000000000000e+00,0.000000000000000000e+00,-0.000000000000000000e+00,0.000000000000000000e+00,-0.000000000000000000e+00,-0.000000000000000000e+00,-0.000000000000000000e+00,-0.000000000000000000e+00,-0.000000000000000000e+00,-0.000000000000000000e+00,-0.000000000000000000e+00,0.000000000000000000e+00,0.000000000000000000e+00,0.000000000000000000e+00,0.000000000000000000e+00,0.000000000000000000e+00,-0.000000000000000000e+00,-0.000000000000000000e+00,0.000000000000000000e+00,0.000000000000000000e+00,0.000000000000000000e+00,-0.000000000000000000e+00,0.000000000000000000e+00,0.000000000000000000e+00,-0.000000000000000000e+00,-0.000000000000000000e+00,-0.000000000000000000e+00,-0.000000000000000000e+00,-0.000000000000000000e+00,0.000000000000000000e+00,0.000000000000000000e+00,-0.000000000000000000e+00,0.000000000000000000e+00,0.000000000000000000e+00,-0.000000000000000000e+00
cxo,4.669999999999999672e-03,4.720000000000000237e-03,4.769999999999999934e-03,4.830000000000000092e-03,4.899999999999999842e-03,4.980000000000000052e-03,5.069999999999999854e-03,5.179999999999999709e-03,5.320000000000000076e-03,6.289999999999999584e-03,5.550000000000000246e-03,5.700000000000000205e-03,5.870000000000000218e-03,6.089999999999999927e-03,6.300000000000000044e-03,6.490000000000000109e-03,6.559999999999999859e-03,6.539999999999999807e-03,6.309999999999999637e-03,4.669999999999999672e-03,4.720000000000000237e-03,4.769999999999999934e-03,4.830000000000000092e-03,4.899999999999999842e-03,4.980000000000000052e-03,5.069999999999999854e-03,5.179999999999999709e-03,5.320000000000000076e-03,6.199999999999999782e-03,5.550000000000000246e-03,5.700000000000000205e-03,5.870000000000000218e-03,6.089999999999999927e-03,6.300000000000000044e-03,6.490000000000000109e-03,6.559999999999999859e-03,6.539999999999999807e-03,6.309999999999999637e-03,5.490000000000000088e-03,5.539999999999999786e-03,5.590000000000000351e-03,5.649999999999999641e-03,5.709999999999999798e-03,5.769999999999999955e-03,5.830000000000000113e-03,5.899999999999999863e-03,5.969999999999999613e-03,5.479999999999999628e-03,5.539999999999999786e-03,5.590000000000000351e-03,5.649999999999999641e-03,5.700000000000000205e-03,5.760000000000000363e-03,5.819999999999999653e-03,5.890000000000000270e-03,5.969999999999999613e-03,4.969999999999999592e-03,5.009999999999999697e-03,5.040000000000000209e-03,5.080000000000000314e-03,5.120000000000000419e-03,5.170000000000000116e-03,5.210000000000000221e-03,5.270000000000000379e-03,5.320000000000000076e-03,5.380000000000000233e-03,5.449999999999999983e-03,5.519999999999999733e-03,5.599999999999999943e-03,5.700000000000000205e-03,5.810000000000000060e-03,5.939999999999999968e-03,6.109999999999999980e-03,6.340000000000000149e-03,4.969999999999999592e-03,5.009999999999999697e-03,5.040000000000000209e-03,5.080000000000000314e-03,5.130000000000000011e-03,5.170000000000000116e-03,5.219999999999999814e-03,5.270000000000000379e-03,5.329999999999999669e-03,5.389999999999999826e-03,5.459999999999999576e-03,5.530000000000000193e-03,5.610000000000000403e-03,5.709999999999999798e-03,5.819999999999999653e-03,5.960000000000000020e-03,6.130000000000000032e-03,6.349999999999999742e-03
cxo*c/cref,1.114468257640720272e-02,1.057592492759719914e-02,9.992585459575775014e-03,9.414158962577055118e-03,8.836275988156680819e-03,8.254555260730985639e-03,7.664631376704904124e-03,7.075782613619816495e-03,6.491833999385182921e-03,4.734205284191110759e-03,6.146449673985147216e-03,5.858369197663695731e-03,5.565354911256007071e-03,5.288679283899882025e-03,4.969066772372061555e-03,4.601807651236914515e-03,4.128749817981782269e-03,3.595058326726745853e-03,2.965849054314236271e-03,1.114468257640720272e-02,1.057592492759719914e-02,9.992585459575775014e-03,9.414158962577055118e-03,8.836275988156680819e-03,8.254555260730985639e-03,7.664631376704904124e-03,7.075782613619816495e-03,6.491833999385182921e-03,4.666466257867232098e-03,6.146449673985147216e-03,5.858369197663695731e-03,5.565354911256007071e-03,5.288679283899882025e-03,4.969066772372061555e-03,4.601807651236914515e-03,4.128749817981782269e-03,3.595058326726745853e-03,2.965849054314236271e-03,3.515937871114922179e-03,3.334912922484507825e-03,3.150042373841150777e-03,2.966581374277993833e-03,2.778501132557800735e-03,2.585806170822075190e-03,2.388501205365088122e-03,2.190289206724157535e-03,1.986693368065106050e-03,3.509533612697590590e-03,3.334912922484507825e-03,3.150042373841150777e-03,2.966581374277993833e-03,2.773635106055948735e-03,2.581324704321517199e-03,2.384404290776125524e-03,2.186576852136489380e-03,1.986693368065106050e-03,6.923849191839110719e-03,6.551275955797885783e-03,6.232779070331839234e-03,5.921684501755465277e-03,5.604911806106105225e-03,5.292694128496771948e-03,4.963855380458524584e-03,4.646974080605757208e-03,4.313463264678758964e-03,3.992204248709693530e-03,3.681534211335285838e-03,3.361544873558011681e-03,3.037669519633698703e-03,2.712662158007992774e-03,2.378441430582296616e-03,2.036444431860469362e-03,1.688195560373420600e-03,1.329910576471920666e-03,6.923849191839110719e-03,6.551275955797885783e-03,6.232779070331839234e-03,5.921684501755465277e-03,5.615858899477406234e-03,5.292694128496771948e-03,4.973382933971880020e-03,4.646974080605757208e-03,4.321571278334169694e-03,3.999624702703577853e-03,3.688289319979937489e-03,3.367634628763732912e-03,3.043093929490187696e-03,2.717421214425550478e-03,2.382535133560923467e-03,2.043301147119258587e-03,1.693721568754348334e-03,1.332008227223453571e-03
cy,1.709999999999999932e-03,3.190000000000000127e-03,4.190000000000000148e-03,5.089999999999999906e-03,5.989999999999999665e-03,6.930000000000000396e-03,7.969999999999999654e-03,9.169999999999999332e-03,1.204000000000000035e-02,8.259999999999999981e-03,1.387000000000000038e-02,1.537999999999999957e-02,1.692000000000000101e-02,1.890000000000000013e-02,2.060000000000000026e-02,2.174999999999999850e-02,2.171000000000000013e-02,2.048000000000000168e-02,1.666000000000000120e-02,-1.709999999999999932e-03,-3.190000000000000127e-03,-4.190000000000000148e-03,-5.089999999999999906e-03,-5.989999999999999665e-03,-6.930000000000000396e-03,-7.979999999999999247e-03,-9.220000000000000764e-03,-1.221000000000000037e-02,-8.600000000000000006e-03,-1.392000000000000008e-02,-1.537999999999999957e-02,-1.692000000000000101e-02,-1.890000000000000013e-02,-2.060000000000000026e-02,-2.174999999999999850e-02,-2.171000000000000013e-02,-2.048000000000000168e-02,-1.666000000000000120e-02,2.000000000000000042e-03,3.360000000000000139e-03,4.040000000000000188e-03,4.479999999999999608e-03,4.669999999999999672e-03,4.510000000000000120e-03,4.150000000000000043e-03,3.350000000000000113e-03,1.879999999999999944e-03,-1.729999999999999984e-03,-3.079999999999999839e-03,-3.729999999999999809e-03,-4.139999999999999583e-03,-4.300000000000000003e-03,-4.109999999999999938e-03,-3.759999999999999887e-03,-3.010000000000000089e-03,-1.569999999999999998e-03,2.197999999999999954e-02,1.529999999999999936e-02,1.537999999999999957e-02,2.038999999999999840e-02,2.389000000000000151e-02,2.653000000000000150e-02,2.866000000000000145e-02,3.121000000000000163e-02,3.302999999999999686e-02,3.731000000000000288e-02,3.588999999999999829e-02,3.359999999999999792e-02,3.081000000000000058e-02,2.920999999999999985e-02,2.801000000000000018e-02,2.469000000000000014e-02,2.308999999999999941e-02,1.641000000000000097e-02,-2.088999999999999885e-02,-2.196000000000000035e-02,-1.498999999999999985e-02,-2.692999999999999908e-02,-3.364999999999999936e-02,-3.733000000000000207e-02,-4.009000000000000064e-02,-4.399000000000000132e-02,-4.649999999999999967e-02,-5.174999999999999739e-02,-5.022999999999999687e-02,-4.848999999999999838e-02,-4.719999999999999890e-02,-4.827000000000000041e-02,-4.882999999999999841e-02,-4.669000000000000233e-02,-4.451000000000000095e-02,-3.185000000000000331e-02
cy*c/cref,4.080815247463879906e-03,7.147711974371835988e-03,8.777554103904088370e-03,9.920925283543935436e-03,1.080189656511398345e-02,1.148676063390878174e-02,1.204874005371559843e-02,1.252604759978643081e-02,1.469204536702962451e-02,6.216937304836021513e-03,1.536058684291423219e-02,1.580731899299432294e-02,1.604187480382481337e-02,1.641314260520652935e-02,1.624805960489912257e-02,1.542208265245036819e-02,1.366389612018056345e-02,1.125791965311372621e-02,7.830593541184656392e-03,-4.080815247463879906e-03,-7.147711974371835988e-03,-8.777554103904088370e-03,-9.920925283543935436e-03,-1.080189656511398345e-02,-1.148676063390878174e-02,-1.206385766984322157e-02,-1.259434665976345846e-02,-1.489949119031824809e-02,-6.472840293170676641e-03,-1.541596026340058545e-02,-1.580731899299432294e-02,-1.604187480382481337e-02,-1.641314260520652935e-02,-1.624805960489912257e-02,-1.542208265245036819e-02,-1.366389612018056345e-02,-1.125791965311372621e-02,-7.830593541184656392e-03,1.280851683466273979e-03,2.022618667788438161e-03,2.276595919556037399e-03,2.352262753409807561e-03,2.272434376365136365e-03,2.021141391751743628e-03,1.700219554419402307e-03,1.243638786868801272e-03,6.256253822382578517e-04,-1.107936706198326933e-03,-1.854067112139401539e-03,-2.101906628699014463e-03,-2.173742812302813330e-03,-2.092391395796592852e-03,-1.841882731729415756e-03,-1.540439885449868158e-03,-1.117418730888087262e-03,-5.224637500606727804e-04,3.062096684841522642e-02,2.000689064345462231e-02,1.901986946462374747e-02,2.376833602180982580e-02,2.615260606403805796e-02,2.715960836151245020e-02,2.730596836927856250e-02,2.752031519083599290e-02,2.678076910382319251e-02,2.768571385118191036e-02,2.424408492565566925e-02,2.046157749122267874e-02,1.671260676784183316e-02,1.390120379568657305e-02,1.146646204313427238e-02,8.464614986975586841e-03,6.379776675781060648e-03,3.442244883265649542e-03,-2.910245666348471386e-02,-2.871577245295840047e-02,-1.853757108418140412e-02,-3.139192197485721897e-02,-3.683696919442781825e-02,-3.821591331079004367e-02,-3.819596203504457832e-02,-3.878944778099568252e-02,-3.770226349766207796e-02,-3.840084941835067434e-02,-3.393091072208649639e-02,-2.952922299254129995e-02,-2.560321452262688882e-02,-2.297196532755189577e-02,-1.998955164463572104e-02,-1.600700177164399163e-02,-1.229813165175465753e-02,-6.681017643632598639e-03
cyi,1.709999999999999932e-03,3.190000000000000127e-03,4.190000000000000148e-03,5.089999999999999906e-03,5.989999999999999665e-03,6.930000000000000396e-03,7.969999999999999654e-03,9.169999999999999332e-03,1.205999999999999954e-02,8.259999999999999981e-03,1.387000000000000038e-02,1.537999999999999957e-02,1.692000000000000101e-02,1.890000000000000013e-02,2.060000000000000026e-02,2.174999999999999850e-02,2.171000000000000013e-02,2.048000000000000168e-02,1.666000000000000120e-02,-1.709999999999999932e-03,-3.190000000000000127e-03,-4.190000000000000148e-03,-5.089999999999999906e-03,-5.989999999999999665e-03,-6.930000000000000396e-03,-7.979999999999999247e-03,-9.220000000000000764e-03,-1.222999999999999955e-02,-8.600000000000000006e-03,-1.392000000000000008e-02,-1.537999999999999957e-02,-1.692000000000000101e-02,-1.890000000000000013e-02,-2.060000000000000026e-02,-2.174999999999999850e-02,-2.171000000000000013e-02,-2.048000000000000168e-02,-1.666000000000000120e-02,2.000000000000000042e-03,3.360000000000000139e-03,4.040000000000000188e-03,4.479999999999999608e-03,4.669999999999999672e-03,4.510000000000000120e-03,4.150000000000000043e-03,3.350000000000000113e-03,1.879999999999999944e-03,-1.729999999999999984e-03,-3.079999999999999839e-03,-3.729999999999999809e-03,-4.139999999999999583e-03,-4.300000000000000003e-03,-4.109999999999999938e-03,-3.759999999999999887e-03,-3.010000000000000089e-03,-1.569999999999999998e-03,2.197999999999999954e-02,1.529999999999999936e-02,1.537999999999999957e-02,2.038999999999999840e-02,2.389000000000000151e-02,2.653000000000000150e-02,2.866000000000000145e-02,3.121000000000000163e-02,3.302999999999999686e-02,3.731000000000000288e-02,3.588999999999999829e-02,3.359999999999999792e-02,3.081000000000000058e-02,2.920999999999999985e-02,2.801000000000000018e-02,2.469000000000000014e-02,2.308999999999999941e-02,1.641000000000000097e-02,-2.087999999999999926e-02,-2.196000000000000035e-02,-1.498999999999999985e-02,-2.692999999999999908e-02,-3.364999999999999936e-02,-3.733000000000000207e-02,-4.009000000000000064e-02,-4.399000000000000132e-02,-4.649999999999999967e-02,-5.174999999999999739e-02,-5.022999999999999687e-02,-4.848999999999999838e-02,-4.719999999999999890e-02,-4.827000000000000041e-02,-4.882999999999999841e-02,-4.669000000000000233e-02,-4.451000000000000095e-02,-3.185000000000000331e-02
cyi*c/cref,4.080815247463879906e-03,7.147711974371835988e-03,8.777554103904088370e-03,9.920925283543935436e-03,1.080189656511398345e-02,1.148676063390878174e-02,1.204874005371559843e-02,1.252604759978643081e-02,1.471645075800475516e-02,6.216937304836021513e-03,1.536058684291423219e-02,1.580731899299432294e-02,1.604187480382481337e-02,1.641314260520652935e-02,1.624805960489912257e-02,1.542208265245036819e-02,1.366389612018056345e-02,1.125791965311372621e-02,7.830593541184656392e-03,-4.080815247463879906e-03,-7.147711974371835988e-03,-8.777554103904088370e-03,-9.920925283543935436e-03,-1.080189656511398345e-02,-1.148676063390878174e-02,-1.206385766984322157e-02,-1.259434665976345846e-02,-1.492389658129338048e-02,-6.472840293170676641e-03,-1.541596026340058545e-02,-1.580731899299432294e-02,-1.604187480382481337e-02,-1.641314260520652935e-02,-1.624805960489912257e-02,-1.542208265245036819e-02,-1.366389612018056345e-02,-1.125791965311372621e-02,-7.830593541184656392e-03,1.280851683466273979e-03,2.022618667788438161e-03,2.276595919556037399e-03,2.352262753409807561e-03,2.272434376365136365e-03,2.021141391751743628e-03,1.700219554419402307e-03,1.243638786868801272e-03,6.256253822382578517e-04,-1.107936706198326933e-03,-1.854067112139401539e-03,-2.101906628699014463e-03,-2.173742812302813330e-03,-2.092391395796592852e-03,-1.841882731729415756e-03,-1.540439885449868158e-03,-1.117418730888087262e-03,-5.224637500606727804e-04,3.062096684841522642e-02,2.000689064345462231e-02,1.901986946462374747e-02,2.376833602180982580e-02,2.615260606403805796e-02,2.715960836151245020e-02,2.730596836927856250e-02,2.752031519083599290e-02,2.678076910382319251e-02,2.768571385118191036e-02,2.424408492565566925e-02,2.046157749122267874e-02,1.671260676784183316e-02,1.390120379568657305e-02,1.146646204313427238e-02,8.464614986975586841e-03,6.379776675781060648e-03,3.442244883265649542e-03,-2.908852537738443669e-02,-2.871577245295840047e-02,-1.853757108418140412e-02,-3.139192197485721897e-02,-3.683696919442781825e-02,-3.821591331079004367e-02,-3.819596203504457832e-02,-3.878944778099568252e-02,-3.770226349766207796e-02,-3.840084941835067434e-02,-3.393091072208649639e-02,-2.952922299254129995e-02,-2.560321452262688882e-02,-2.297196532755189577e-02,-1.998955164463572104e-02,-1.600700177164399163e-02,-1.229813165175465753e-02,-6.681017643632598639e-03
cyo,0.000000000000000000e+00,0.000000000000000000e+00,0.000000000000000000e+00,0.000000000000000000e+00,0.000000000000000000e+00,0.000000000000000000e+00,0.000000000000000000e+00,0.000000000000000000e+00,-2.000000000000000164e-05,0.000000000000000000e+00,0.000000000000000000e+00,0.000000000000000000e+00,0.000000000000000000e+00,0.000000000000000000e+00,0.000000000000000000e+00,0.000000000000000000e+00,0.000000000000000000e+00,0.000000000000000000e+00,0.000000000000000000e+00,0.000000000000000000e+00,0.000000000000000000e+00,0.000000000000000000e+00,0.000000000000000000e+00,0.000000000000000000e+00,0.000000000000000000e+00,0.000000000000000000e+00,0.000000000000000000e+00,2.000000000000000164e-05,0.000000000000000000e+00,0.000000000000000000e+00,0.000000000000000000e+00,0.000000000000000000e+00,0.000000000000000000e+00,0.000000000000000000e+00,0.000000000000000000e+00,0.000000000000000000e+00,0.000000000000000000e+00,0.000000000000000000e+00,0.000000000000000000e+00,0.000000000000000000e+00,0.000000000000000000e+00,0.000000000000000000e+00,0.000000000000000000e+00,0.000000000000000000e+00,0.000000000000000000e+00,0.000000000000000000e+00,0.000000000000000000e+00,0.000000000000000000e+00,0.000000000000000000e+00,0.000000000000000000e+00,0.000000000000000000e+00,0.000000000000000000e+00,0.000000000000000000e+00,0.000000000000000000e+00,0.000000000000000000e+00,0.000000000000000000e+00,0.000000000000000000e+00,0.000000000000000000e+00,0.000000000000000000e+00,0.000000000000000000e+00,0.000000000000000000e+00,0.000000000000000000e+00,0.000000000000000000e+00,0.000000000000000000e+00,0.000000000000000000e+00,0.000000000000000000e+00,0.000000000000000000e+00,0.000000000000000000e+00,0.000000000000000000e+00,0.000000000000000000e+00,0.000000000000000000e+00,0.000000000000000000e+00,0.000000000000000000e+00,0.000000000000000000e+00,-0.000000000000000000e+00,0.000000000000000000e+00,0.000000000000000000e+00,0.000000000000000000e+00,0.000000000000000000e+00,0.000000000000000000e+00,0.000000000000000000e+00,0.000000000000000000e+00,0.000000000000000000e+00,0.000000000000000000e+00,0.000000000000000000e+00,0.000000000000000000e+00,0.000000000000000000e+00,0.000000000000000000e+00,0.000000000000000000e+00,0.000000000000000000e+00,0.000000000000000000e+00,0.000000000000000000e+00
cyo*c/cref,0.000000000000000000e+00,0.000000000000000000e+00,0.000000000000000000e+00,0.000000000000000000e+00,0.000000000000000000e+00,0.000000000000000000e+00,0.000000000000000000e+00,0.000000000000000000e+00,-2.440539097513226856e-05,0.000000000000000000e+00,0.000000000000000000e+00,0.000000000000000000e+00,0.000000000000000000e+00,0.000000000000000000e+00,0.000000000000000000e+00,0.000000000000000000e+00,0.000000000000000000e+00,0.000000000000000000e+00,0.000000000000000000e+00,0.000000000000000000e+00,0.000000000000000000e+00,0.000000000000000000e+00,0.000000000000000000e+00,0.000000000000000000e+00,0.000000000000000000e+00,0.000000000000000000e+00,0.000000000000000000e+00,2.440539097513226856e-05,0.000000000000000000e+00,0.000000000000000000e+00,0.000000000000000000e+00,0.000000000000000000e+00,0.000000000000000000e+00,0.000000000000000000e+00,0.000000000000000000e+00,0.000000000000000000e+00,0.000000000000000000e+00,0.000000000000000000e+00,0.000000000000000000e+00,0.000000000000000000e+00,0.000000000000000000e+00,0.000000000000000000e+00,0.000000000000000000e+00,0.000000000000000000e+00,0.000000000000000000e+00,0.000000000000000000e+00,0.000000000000000000e+00,0.000000000000000000e+00,0.000000000000000000e+00,0.000000000000000000e+00,0.000000000000000000e+00,0.000000000000000000e+00,0.000000000000000000e+00,0.000000000000000000e+00,0.000000000000000000e+00,0.000000000000000000e+00,0.000000000000000000e+00,0.000000000000000000e+00,0.000000000000000000e+00,0.000000000000000000e+00,0.000000000000000000e+00,0.000000000000000000e+00,0.000000000000000000e+00,0.000000000000000000e+00,0.000000000000000000e+00,0.000000000000000000e+00,0.000000000000000000e+00,0.000000000000000000e+00,0.000000000000000000e+00,0.000000000000000000e+00,0.000000000000000000e+00,0.000000000000000000e+00,0.000000000000000000e+00,0.000000000000000000e+00,-0.000000000000000000e+00,0.000000000000000000e+00,0.000000000000000000e+00,0.000000000000000000e+00,0.000000000000000000e+00,0.000000000000000000e+00,0.000000000000000000e+00,0.000000000000000000e+00,0.000000000000000000e+00,0.000000000000000000e+00,0.000000000000000000e+00,0.000000000000000000e+00,0.000000000000000000e+00,0.000000000000000000e+00,0.000000000000000000e+00,0.000000000000000000e+00,0.000000000000000000e+00,0.000000000000000000e+00
cz,3.262000000000000316e-02,6.096000000000000030e-02,7.992000000000000492e-02,9.711999999999999800e-02,1.142600000000000005e-01,1.322699999999999987e-01,1.520700000000000107e-01,1.750599999999999934e-01,2.301499999999999935e-01,1.576500000000000123e-01,2.647200000000000109e-01,2.934999999999999831e-01,3.228199999999999958e-01,3.606400000000000161e-01,3.931200000000000250e-01,4.149800000000000155e-01,4.142000000000000126e-01,3.908300000000000107e-01,3.179000000000000159e-01,3.262000000000000316e-02,6.094999999999999724e-02,7.992000000000000492e-02,9.711999999999999800e-02,1.142500000000000043e-01,1.322500000000000064e-01,1.522999999999999909e-01,1.760200000000000098e-01,2.333099999999999896e-01,1.640199999999999991e-01,2.655600000000000183e-01,2.935200000000000031e-01,3.228199999999999958e-01,3.606400000000000161e-01,3.931200000000000250e-01,4.149800000000000155e-01,4.142000000000000126e-01,3.908300000000000107e-01,3.179000000000000159e-01,3.269999999999999990e-02,5.496999999999999803e-02,6.611000000000000210e-02,7.327000000000000179e-02,7.638999999999999957e-02,7.366000000000000325e-02,6.780999999999999528e-02,5.482000000000000067e-02,3.076999999999999874e-02,2.826999999999999999e-02,5.031000000000000055e-02,6.101000000000000173e-02,6.772999999999999854e-02,7.030000000000000138e-02,6.722000000000000197e-02,6.147999999999999993e-02,4.916000000000000231e-02,2.561000000000000082e-02,-2.289999999999999935e-03,-1.610000000000000103e-03,-1.619999999999999912e-03,-2.139999999999999975e-03,-2.510000000000000078e-03,-2.789999999999999945e-03,-3.010000000000000089e-03,-3.279999999999999930e-03,-3.469999999999999994e-03,-3.919999999999999873e-03,-3.769999999999999914e-03,-3.530000000000000152e-03,-3.239999999999999825e-03,-3.069999999999999812e-03,-2.939999999999999905e-03,-2.599999999999999881e-03,-2.429999999999999868e-03,-1.719999999999999958e-03,-2.180000000000000080e-03,-2.309999999999999987e-03,-1.580000000000000024e-03,-2.830000000000000050e-03,-3.540000000000000178e-03,-3.919999999999999873e-03,-4.210000000000000200e-03,-4.619999999999999975e-03,-4.890000000000000249e-03,-5.440000000000000391e-03,-5.279999999999999971e-03,-5.100000000000000366e-03,-4.959999999999999999e-03,-5.069999999999999854e-03,-5.130000000000000011e-03,-4.910000000000000302e-03,-4.680000000000000132e-03,-3.350000000000000113e-03
cz*c/cref,7.784572711828757763e-02,1.365907592343909294e-01,1.674229412849677356e-01,1.892967118934748560e-01,2.060475294707719285e-01,2.192429767744753788e-01,2.298935884527642803e-01,2.391286687915608056e-01,2.808450366463345338e-01,1.186561944439950278e-01,2.931690374229456442e-01,3.016546244761920681e-01,3.060660770786480800e-01,3.131870766741631784e-01,3.100697665960166494e-01,2.942462463960393015e-01,2.606902705195204839e-01,2.148404657239471327e-01,1.494205094083194685e-01,7.784572711828757763e-02,1.365683526137816128e-01,1.674229412849677356e-01,1.892967118934748560e-01,2.060294962544695907e-01,2.192098259501351065e-01,2.302412936236995777e-01,2.404400107431197142e-01,2.847010884204054237e-01,1.234506121960295827e-01,2.940993108871163275e-01,3.016751801575873748e-01,3.060660770786480800e-01,3.131870766741631784e-01,3.100697665960166494e-01,2.942462463960393015e-01,2.606902705195204839e-01,2.148404657239471327e-01,1.494205094083194685e-01,2.094192502467357928e-02,3.309028219295549050e-02,3.725390005986376624e-02,3.847104730855727822e-02,3.717157644765155949e-02,3.301048224311162183e-02,2.778117782775413672e-02,2.035112784959632395e-02,1.023962394227191132e-02,1.810483854579578167e-02,3.028510273108223766e-02,3.437997946834500662e-02,3.556222238581389916e-02,3.420816630802336195e-02,3.012441781675214911e-02,2.518783089294093086e-02,1.824993515297620300e-02,8.522481935703075939e-03,-3.190264516964097779e-03,-2.105300257252414736e-03,-2.003393272606662518e-03,-2.494567880660766585e-03,-2.747720436196547569e-03,-2.856212111896710548e-03,-2.867793607520183891e-03,-2.892234342388402390e-03,-2.813480738427686333e-03,-2.908817965602601956e-03,-2.546675959033766444e-03,-2.149683587619525844e-03,-1.757508793502354175e-03,-1.461030320190269578e-03,-1.203548675716342720e-03,-8.913729836426295640e-04,-6.714100182827187607e-04,-3.607959292636756291e-04,-3.037020369861019066e-03,-3.020648195188246985e-03,-1.953926772048473690e-03,-3.298891169285032583e-03,-3.875271053440549306e-03,-4.013029203811865377e-03,-4.011100029122915099e-03,-4.073817884705615601e-03,-3.964818677496076763e-03,-4.036726972672998598e-03,-3.566697364376203438e-03,-3.105775154917728674e-03,-2.690507288818418802e-03,-2.412841603701846097e-03,-2.100069628035659483e-03,-1.683323596032812106e-03,-1.293085961137088128e-03,-7.027130017635543555e-04
czi,3.262000000000000316e-02,6.096000000000000030e-02,7.992000000000000492e-02,9.711999999999999800e-02,1.142600000000000005e-01,1.322699999999999987e-01,1.520700000000000107e-01,1.750599999999999934e-01,2.301499999999999935e-01,1.576500000000000123e-01,2.647200000000000109e-01,2.934999999999999831e-01,3.228199999999999958e-01,3.606400000000000161e-01,3.931200000000000250e-01,4.149800000000000155e-01,4.142000000000000126e-01,3.908300000000000107e-01,3.179000000000000159e-01,3.262000000000000316e-02,6.094999999999999724e-02,7.992000000000000492e-02,9.711999999999999800e-02,1.142500000000000043e-01,1.322500000000000064e-01,1.522999999999999909e-01,1.760200000000000098e-01,2.333099999999999896e-01,1.640199999999999991e-01,2.655600000000000183e-01,2.935200000000000031e-01,3.228199999999999958e-01,3.606400000000000161e-01,3.931200000000000250e-01,4.149800000000000155e-01,4.142000000000000126e-01,3.908300000000000107e-01,3.179000000000000159e-01,3.269999999999999990e-02,5.496999999999999803e-02,6.611000000000000210e-02,7.327000000000000179e-02,7.638999999999999957e-02,7.366000000000000325e-02,6.780999999999999528e-02,5.482000000000000067e-02,3.076999999999999874e-02,2.826999999999999999e-02,5.031000000000000055e-02,6.101000000000000173e-02,6.772999999999999854e-02,7.030000000000000138e-02,6.722000000000000197e-02,6.147999999999999993e-02,4.916000000000000231e-02,2.561000000000000082e-02,-2.309999999999999987e-03,-1.610000000000000103e-03,-1.619999999999999912e-03,-2.139999999999999975e-03,-2.510000000000000078e-03,-2.789999999999999945e-03,-3.010000000000000089e-03,-3.279999999999999930e-03,-3.469999999999999994e-03,-3.919999999999999873e-03,-3.769999999999999914e-03,-3.530000000000000152e-03,-3.239999999999999825e-03,-3.069999999999999812e-03,-2.939999999999999905e-03,-2.599999999999999881e-03,-2.429999999999999868e-03,-1.719999999999999958e-03,-2.190000000000000106e-03,-2.309999999999999987e-03,-1.580000000000000024e-03,-2.830000000000000050e-03,-3.540000000000000178e-03,-3.919999999999999873e-03,-4.210000000000000200e-03,-4.619999999999999975e-03,-4.890000000000000249e-03,-5.440000000000000391e-03,-5.279999999999999971e-03,-5.100000000000000366e-03,-4.959999999999999999e-03,-5.069999999999999854e-03,-5.130000000000000011e-03,-4.910000000000000302e-03,-4.680000000000000132e-03,-3.350000000000000113e-03
czi*c/cref,7.784572711828757763e-02,1.365907592343909294e-01,1.674229412849677356e-01,1.892967118934748560e-01,2.060475294707719285e-01,2.192429767744753788e-01,2.298935884527642803e-01,2.391286687915608056e-01,2.808450366463345338e-01,1.186561944439950278e-01,2.931690374229456442e-01,3.016546244761920681e-01,3.060660770786480800e-01,3.131870766741631784e-01,3.100697665960166494e-01,2.942462463960393015e-01,2.606902705195204839e-01,2.148404657239471327e-01,1.494205094083194685e-01,7.784572711828757763e-02,1.365683526137816128e-01,1.674229412849677356e-01,1.892967118934748560e-01,2.060294962544695907e-01,2.192098259501351065e-01,2.302412936236995777e-01,2.404400107431197142e-01,2.847010884204054237e-01,1.234506121960295827e-01,2.940993108871163275e-01,3.016751801575873748e-01,3.060660770786480800e-01,3.131870766741631784e-01,3.100697665960166494e-01,2.942462463960393015e-01,2.606902705195204839e-01,2.148404657239471327e-01,1.494205094083194685e-01,2.094192502467357928e-02,3.309028219295549050e-02,3.725390005986376624e-02,3.847104730855727822e-02,3.717157644765155949e-02,3.301048224311162183e-02,2.778117782775413672e-02,2.035112784959632395e-02,1.023962394227191132e-02,1.810483854579578167e-02,3.028510273108223766e-02,3.437997946834500662e-02,3.556222238581389916e-02,3.420816630802336195e-02,3.012441781675214911e-02,2.518783089294093086e-02,1.824993515297620300e-02,8.522481935703075939e-03,-3.218127089164657308e-03,-2.105300257252414736e-03,-2.003393272606662518e-03,-2.494567880660766585e-03,-2.747720436196547569e-03,-2.856212111896710548e-03,-2.867793607520183891e-03,-2.892234342388402390e-03,-2.813480738427686333e-03,-2.908817965602601956e-03,-2.546675959033766444e-03,-2.149683587619525844e-03,-1.757508793502354175e-03,-1.461030320190269578e-03,-1.203548675716342720e-03,-8.913729836426295640e-04,-6.714100182827187607e-04,-3.607959292636756291e-04,-3.050951655961298831e-03,-3.020648195188246985e-03,-1.953926772048473690e-03,-3.298891169285032583e-03,-3.875271053440549306e-03,-4.013029203811865377e-03,-4.011100029122915099e-03,-4.073817884705615601e-03,-3.964818677496076763e-03,-4.036726972672998598e-03,-3.566697364376203438e-03,-3.105775154917728674e-03,-2.690507288818418802e-03,-2.412841603701846097e-03,-2.100069628035659483e-03,-1.683323596032812106e-03,-1.293085961137088128e-03,-7.027130017635543555e-04
czo,0.000000000000000000e+00,0.000000000000000000e+00,0.000000000000000000e+00,0.000000000000000000e+00,0.000000000000000000e+00,0.000000000000000000e+00,0.000000000000000000e+00,0.000000000000000000e+00,0.000000000000000000e+00,0.000000000000000000e+00,0.000000000000000000e+00,0.000000000000000000e+00,0.000000000000000000e+00,0.000000000000000000e+00,0.000000000000000000e+00,0.000000000000000000e+00,0.000000000000000000e+00,0.000000000000000000e+00,0.000000000000000000e+00,0.000000000000000000e+00,0.000000000000000000e+00,0.000000000000000000e+00,0.000000000000000000e+00,0.000000000000000000e+00,0.000000000000000000e+00,0.000000000000000000e+00,0.000000000000000000e+00,0.000000000000000000e+00,0.000000000000000000e+00,0.000000000000000000e+00,0.000000000000000000e+00,0.000000000000000000e+00,0.000000000000000000e+00,0.000000000000000000e+00,0.000000000000000000e+00,0.000000000000000000e+00,0.000000000000000000e+00,0.000000000000000000e+00,0.000000000000000000e+00,0.000000000000000000e+00,0.000000000000000000e+00,0.000000000000000000e+00,0.000000000000000000e+00,0.000000000000000000e+00,0.000000000000000000e+00,0.000000000000000000e+00,0.000000000000000000e+00,0.000000000000000000e+00,0.000000000000000000e+00,0.000000000000000000e+00,0.000000000000000000e+00,0.000000000000000000e+00,0.000000000000000000e+00,0.000000000000000000e+00,0.000000000000000000e+00,0.000000000000000000e+00,2.000000000000000164e-05,0.000000000000000000e+00,0.000000000000000000e+00,0.000000000000000000e+00,0.000000000000000000e+00,0.000000000000000000e+00,0.000000000000000000e+00,0.000000000000000000e+00,0.000000000000000000e+00,0.000000000000000000e+00,0.000000000000000000e+00,0.000000000000000000e+00,0.000000000000000000e+00,0.000000000000000000e+00,0.000000000000000000e+00,0.000000000000000000e+00,0.000000000000000000e+00,0.000000000000000000e+00,2.000000000000000164e-05,0.000000000000000000e+00,0.000000000000000000e+00,0.000000000000000000e+00,0.000000000000000000e+00,0.000000000000000000e+00,0.000000000000000000e+00,0.000000000000000000e+00,0.000000000000000000e+00,0.000000000000000000e+00,0.000000000000000000e+00,0.000000000000000000e+00,0.000000000000000000e+00,0.000000000000000000e+00,0.000000000000000000e+00,0.000000000000000000e+00,0.000000000000000000e+00,0.000000000000000000e+00
czo*c/cref,0.000000000000000000e+00,0.000000000000000000e+00,0.000000000000000000e+00,0.000000000000000000e+00,0.000000000000000000e+00,0.000000000000000000e+00,0.000000000000000000e+00,0.000000000000000000e+00,0.000000000000000000e+00,0.000000000000000000e+00,0.000000000000000000e+00,0.000000000000000000e+00,0.000000000000000000e+00,0.000000000000000000e+00,0.000000000000000000e+00,0.000000000000000000e+00,0.000000000000000000e+00,0.000000000000000000e+00,0.000000000000000000e+00,0.000000000000000000e+00,0.000000000000000000e+00,0.000000000000000000e+00,0.000000000000000000e+00,0.000000000000000000e+00,0.000000000000000000e+00,0.000000000000000000e+00,0.000000000000000000e+00,0.000000000000000000e+00,0.000000000000000000e+00,0.000000000000000000e+00,0.000000000000000000e+00,0.000000000000000000e+00,0.000000000000000000e+00,0.000000000000000000e+00,0.000000000000000000e+00,0.000000000000000000e+00,0.000000000000000000e+00,0.000000000000000000e+00,0.000000000000000000e+00,0.000000000000000000e+00,0.000000000000000000e+00,0.000000000000000000e+00,0.000000000000000000e+00,0.000000000000000000e+00,0.000000000000000000e+00,0.000000000000000000e+00,0.000000000000000000e+00,0.000000000000000000e+00,0.000000000000000000e+00,0.000000000000000000e+00,0.000000000000000000e+00,0.000000000000000000e+00,0.000000000000000000e+00,0.000000000000000000e+00,0.000000000000000000e+00,0.000000000000000000e+00,2.786257220055980726e-05,0.000000000000000000e+00,0.000000000000000000e+00,0.000000000000000000e+00,0.000000000000000000e+00,0.000000000000000000e+00,0.000000000000000000e+00,0.000000000000000000e+00,0.000000000000000000e+00,0.000000000000000000e+00,0.000000000000000000e+00,0.000000000000000000e+00,0.000000000000000000e+00,0.000000000000000000e+00,0.000000000000000000e+00,0.000000000000000000e+00,0.000000000000000000e+00,0.000000000000000000e+00,2.786257220055980726e-05,0.000000000000000000e+00,0.000000000000000000e+00,0.000000000000000000e+00,0.000000000000000000e+00,0.000000000000000000e+00,0.000000000000000000e+00,0.000000000000000000e+00,0.000000000000000000e+00,0.000000000000000000e+00,0.000000000000000000e+00,0.000000000000000000e+00,0.000000000000000000e+00,0.000000000000000000e+00,0.000000000000000000e+00,0.000000000000000000e+00,0.000000000000000000e+00,0.000000000000000000e+00
dArea,1.566098000000000035e+01,1.470429999999999993e+01,1.374761999999999951e+01,1.279094000000000086e+01,1.183426000000000045e+01,1.087758000000000003e+01,9.920909999999999229e+00,8.964230000000000587e+00,6.522160000000000402e+00,9.162299999999999889e-01,1.877415999999999840e+01,1.742284000000000077e+01,1.607170999999999950e+01,1.472076000000000029e+01,1.336993999999999971e+01,1.201923000000000030e+01,1.066859999999999964e+01,9.318020000000000636e+00,7.967450000000000365e+00,1.566098000000000035e+01,1.470429999999999993e+01,1.374761999999999951e+01,1.279094000000000086e+01,1.183426000000000045e+01,1.087758000000000003e+01,9.920909999999999229e+00,8.964230000000000587e+00,6.522160000000000402e+00,9.162299999999999889e-01,1.877415999999999840e+01,1.742284000000000077e+01,1.607170999999999950e+01,1.472076000000000029e+01,1.336993999999999971e+01,1.201923000000000030e+01,1.066859999999999964e+01,9.318020000000000636e+00,7.967450000000000365e+00,5.516650000000000276e+00,5.185399999999999565e+00,4.854140000000000121e+00,4.522879999999999789e+00,4.191620000000000346e+00,3.860360000000000014e+00,3.529100000000000126e+00,3.197839999999999794e+00,2.866579999999999906e+00,5.516650000000000276e+00,5.185399999999999565e+00,4.854140000000000121e+00,4.522879999999999789e+00,4.191620000000000346e+00,3.860360000000000014e+00,3.529100000000000126e+00,3.197839999999999794e+00,2.866579999999999906e+00,4.759769999999999612e+00,4.468689999999999607e+00,4.226140000000000008e+00,3.983579999999999899e+00,3.741029999999999855e+00,3.498470000000000191e+00,3.255920000000000147e+00,3.013360000000000039e+00,2.770809999999999995e+00,7.095919999999999561e+00,6.459670000000000023e+00,5.823419999999999597e+00,5.187170000000000059e+00,4.550910000000000011e+00,3.914660000000000029e+00,3.278410000000000046e+00,2.642160000000000064e+00,2.005910000000000082e+00,4.759769999999999612e+00,4.468689999999999607e+00,4.226140000000000008e+00,3.983579999999999899e+00,3.741029999999999855e+00,3.498470000000000191e+00,3.255920000000000147e+00,3.013360000000000039e+00,2.770809999999999995e+00,7.095919999999999561e+00,6.459670000000000023e+00,5.823419999999999597e+00,5.187170000000000059e+00,4.550910000000000011e+00,3.914660000000000029e+00,3.278410000000000046e+00,2.642160000000000064e+00,2.005910000000000082e+00
dSpan,5.308800000000000185e-01,5.308800000000000185e-01,5.308800000000000185e-01,5.308800000000000185e-01,5.308800000000000185e-01,5.308800000000000185e-01,5.308800000000000185e-01,5.308800000000000185e-01,4.323799999999999866e-01,9.847999999999999809e-02,1.371390000000000109e+00,1.371350000000000069e+00,1.371320000000000094e+00,1.371299999999999963e+00,1.371280000000000054e+00,1.371280000000000054e+00,1.371280000000000054e+00,1.371280000000000054e+00,1.371299999999999963e+00,5.308800000000000185e-01,5.308800000000000185e-01,5.308800000000000185e-01,5.308800000000000185e-01,5.308800000000000185e-01,5.308800000000000185e-01,5.308800000000000185e-01,5.308800000000000185e-01,4.323799999999999866e-01,9.847999999999999809e-02,1.371390000000000109e+00,1.371350000000000069e+00,1.371320000000000094e+00,1.371299999999999963e+00,1.371280000000000054e+00,1.371280000000000054e+00,1.371280000000000054e+00,1.371280000000000054e+00,1.371299999999999963e+00,6.968499999999999694e-01,6.968499999999999694e-01,6.968499999999999694e-01,6.968499999999999694e-01,6.968499999999999694e-01,6.968499999999999694e-01,6.968499999999999694e-01,6.968499999999999694e-01,6.968499999999999694e-01,6.968499999999999694e-01,6.968499999999999694e-01,6.968499999999999694e-01,6.968499999999999694e-01,6.968499999999999694e-01,6.968499999999999694e-01,6.968499999999999694e-01,6.968499999999999694e-01,6.968499999999999694e-01,2.763900000000000245e-01,2.764599999999999835e-01,2.764599999999999835e-01,2.764599999999999835e-01,2.764599999999999835e-01,2.764599999999999835e-01,2.764599999999999835e-01,2.764599999999999835e-01,2.764599999999999835e-01,7.735899999999999999e-01,7.735899999999999999e-01,7.735899999999999999e-01,7.735899999999999999e-01,7.735899999999999999e-01,7.735899999999999999e-01,7.735899999999999999e-01,7.735899999999999999e-01,7.735899999999999999e-01,2.763900000000000245e-01,2.764599999999999835e-01,2.764599999999999835e-01,2.764599999999999835e-01,2.764599999999999835e-01,2.764599999999999835e-01,2.764599999999999835e-01,2.764599999999999835e-01,2.764599999999999835e-01,7.735899999999999999e-01,7.735899999999999999e-01,7.735899999999999999e-01,7.735899999999999999e-01,7.735899999999999999e-01,7.735899999999999999e-01,7.735899999999999999e-01,7.735899999999999999e-01,7.735899999999999999e-01
roverR,inf,inf,inf,inf,inf,inf,inf,inf,inf,inf,inf,inf,inf,inf,inf,inf,inf,inf,inf,inf,inf,inf,inf,inf,inf,inf,inf,inf,inf,inf,inf,inf,inf,inf,inf,inf,inf,inf,inf,inf,inf,inf,inf,inf,inf,inf,inf,inf,inf,inf,inf,inf,inf,inf,inf,inf,inf,inf,inf,inf,inf,inf,inf,inf,inf,inf,inf,inf,inf,inf,inf,inf,inf,inf,inf,inf,inf,inf,inf,inf,inf,inf,inf,inf,inf,inf,inf,inf,inf,inf,inf,inf
Results_Name,CpSlice_Wrapper
Results_Timestamp,1788934315
Results_Date,9,9,2026
Results_Time,9,11,55
CpSlice_Case_ID_Vec,EQXRRWR
Num_Cuts,1
